//spiral_out_mintime_Trans_23_intlvs_2_res_1.5_3404pts.txt
# 37.250857678 37.370092039
0.000000000 0.000000000
0.000000000 0.000000000
0.034819194 0.017075227
0.012274603 0.052463792
-0.035095168  0.057275892
-0.074247433  0.029724739
-0.089731780 -0.015493595
-0.079060548 -0.062067585
-0.047330979 -0.097881807
-0.002975024 -0.116030950
0.044955082 -0.114269578
0.088398605 -0.093974576
0.121161883 -0.059017834
0.139288956 -0.014708261
0.141081431 0.033122819
0.126881005 0.078858066
0.098702973 0.117641136
0.059791121 0.145739090
0.014149174 0.160735981
-0.033909144  0.161580570
-0.080161152  0.148515195
-0.120807414  0.122914369
-0.152724028  0.087061312
-0.173631401  0.043888696
-0.182181844 -0.003293007
-0.177972914 -0.051059848
-0.161496654 -0.096115608
-0.134036941 -0.135498159
-0.097528192 -0.166743210
-0.054388738 -0.188001242
-0.007341634 -0.198106705
0.040765494 -0.196601266
0.087131551 -0.183715074
0.129155793 -0.160311706
0.164568086 -0.127803536
0.191531308 -0.088044974
0.208713470 -0.043211143
0.215328891 0.004330545
0.211149334 0.052149026
0.196487216 0.097872248
0.172154224 0.139298631
0.139399302 0.174493159
0.099830484 0.201864972
0.055325462 0.220224550
0.007935614 0.228819547
-0.040211820  0.227349419
-0.087009167  0.215959702
-0.130457451  0.195217750
-0.168746150  0.166072339
-0.200320741  0.129799567
-0.223936556  0.087938653
-0.238697189  0.042220295
-0.244077605 -0.005508664
-0.239931372 -0.053361484
-0.226483471 -0.099485594
-0.204308687 -0.142131667
-0.174299027 -0.179715912
-0.137620211 -0.210873487
-0.095659890 -0.234500668
-0.049971417 -0.249787548
-0.002212738 -0.256237019
0.045914851 -0.253673235
0.092727265 -0.242238136
0.136615142 -0.222377445
0.176096290 -0.194816473
0.209862138 -0.160528264
0.236816353 -0.120694118
0.256105158 -0.076659135
0.267138719 -0.029884047
0.269602983 0.018104924
0.263462859 0.065766381
0.248955869 0.111592810
0.226578107 0.154156825
0.197062397 0.192153350
0.161350057 0.224436611
0.120557311 0.250051014
0.075937675 0.268255526
0.028841293 0.278540478
-0.019327022  0.280637482
-0.067150158  0.274521690
-0.113240027  0.260407058
-0.156276804  0.238734951
-0.195044984  0.210156541
-0.228465482  0.175509979
-0.255622886  0.135792898
-0.275787492  0.092131419
-0.288431451  0.045746440
-0.293239100 -0.002081603
-0.290111187 -0.050048631
-0.279163212 -0.096862415
-0.260718155 -0.141276818
-0.235293737 -0.182123782
-0.203585272 -0.218342568
-0.166443996 -0.249005238
-0.124852218 -0.273338185
-0.079895649 -0.290739094
-0.032733841 -0.300789116
0.015430475 -0.303260096
0.063382347 -0.298116853
0.109925115 -0.285514685
0.153909664 -0.265792007
0.194261881 -0.239459011
0.230007524 -0.207182111
0.260294136 -0.169765170
0.284409514 -0.128127825
0.301796379 -0.083281534
0.312063028 -0.036304033
0.314989858 0.011687182
0.310531754 0.059561705
0.298816224 0.106202757
0.280137822 0.150532827
0.254948618 0.191537814
0.223845453 0.228289222
0.187554132 0.259963920
0.146911040 0.285861101
0.102842699 0.305416146
0.056343742 0.318211148
0.008453842 0.323981989
-0.039765865  0.322621873
-0.087256345  0.314181374
-0.132983703  0.298865002
-0.175961205  0.277024582
-0.215269857  0.249149562
-0.250077105  0.215854562
-0.279653362  0.177864557
-0.303385989  0.135997957
-0.320790605  0.091148103
-0.331519428  0.044263523
-0.335366714 -0.003672564
-0.332271036 -0.051663092
-0.322314659 -0.098717867
-0.305719927 -0.143873765
-0.282842897 -0.186214024
-0.254164325 -0.224886192
-0.220278433 -0.259118544
-0.181879418 -0.288234455
-0.139746407 -0.311664773
-0.094726843 -0.328957713
-0.047718891 -0.339786313
0.000346855 -0.343953319
0.048525985 -0.341393414
0.095878846 -0.332172923
0.141488688 -0.316486849
0.184479041 -0.294653552
0.224030083 -0.267107221
0.259393667 -0.234388197
0.289906544 -0.197131291
0.315002036 -0.156052830
0.334219551 -0.111936156
0.347211967 -0.065616158
0.353750872 -0.017963106
0.353729346 0.030133954
0.347162443 0.077783786
0.334185976 0.124109461
0.315052093 0.168264178
0.290123838 0.209446463
0.259867110 0.246914177
0.224841142 0.279997276
0.185687428 0.308109091
0.143117335 0.330755944
0.097898650 0.347544946
0.050841329 0.358189922
0.002782712 0.362515295
-0.045427509  0.360458013
-0.092942334  0.352067535
-0.138932228  0.337503712
-0.182599359  0.317032882
-0.223191112  0.291022189
-0.260012604  0.259932176
-0.292438031  0.224307923
-0.319920696  0.184768881
-0.342001517  0.141997537
-0.358315947  0.096727208
-0.368599186  0.049729132
-0.372689712  0.001799104
-0.370530863 -0.046256124
-0.362170905 -0.093632433
-0.347761069 -0.139541693
-0.327552121 -0.183224676
-0.301889274 -0.223963336
-0.271205563 -0.261092220
-0.236013926 -0.294008876
-0.196898084 -0.322183108
-0.154502363 -0.345164922
-0.109520683 -0.362591046
-0.062684909 -0.374190042
-0.014752701 -0.379785790
0.033504859 -0.379299424
0.081315704 -0.372749745
0.127919088 -0.360252005
0.172577535 -0.342015201
0.214588292 -0.318337960
0.253294081 -0.289603013
0.288093004 -0.256270448
0.318447466 -0.218869835
0.343891981 -0.177991366
0.364039768 -0.134276156
0.378588041 -0.088405889
0.387321989 -0.041091961
0.390117236 0.006935721
0.386941083 0.054940060
0.377852094 0.102188074
0.362998552 0.147962019
0.342615382 0.191570128
0.317019909 0.232356854
0.286606362 0.269712418
0.251839338 0.303081586
0.213246279 0.331971521
0.171409094 0.355958642
0.126955035 0.374694286
0.080547071 0.387909292
0.032873821 0.395417403
-0.015360823  0.397117189
-0.063448106  0.392992955
-0.110684829  0.383114301
-0.156383538  0.367634337
-0.199882396  0.346786880
-0.240554569  0.320882409
-0.277816956  0.290302931
-0.311138341  0.255496055
-0.340046444  0.216967874
-0.364134432  0.175275477
-0.383065969  0.131018431
-0.396579728  0.084830091
-0.404492236  0.037368242
-0.406700157 -0.010694292
-0.403180867 -0.058679284
-0.393992423 -0.105912652
-0.379271942 -0.151733864
-0.359233187 -0.195505047
-0.334163087 -0.236619750
-0.304417019 -0.274511009
-0.270413620 -0.308659043
-0.232628404 -0.338597994
-0.191586811 -0.363921905
-0.147856720 -0.384289963
-0.102040314 -0.399430629
-0.054765615 -0.409144770
-0.006677811 -0.413307975
0.041569651 -0.411871665
0.089323956 -0.404863169
0.135941690 -0.392384800
0.180797451 -0.374612074
0.223292097 -0.351790741
0.262860571 -0.324233032
0.298979169 -0.292313007
0.331172270 -0.256461231
0.359018247 -0.217158595
0.382154724 -0.174929671
0.400282928 -0.130335471
0.413171159 -0.083965812
0.420657400 -0.036431411
0.422650959 0.011644254
0.419133165 0.059633157
0.410157142 0.106910926
0.395846632 0.152864919
0.376393911 0.196902064
0.352056852 0.238456374
0.323155245 0.276996098
0.290066166 0.312030252
0.253218866 0.343114685
0.213088913 0.369857419
0.170191870 0.391923371
0.125076401 0.409038064
0.078317225 0.420990927
0.030507611 0.427637458
-0.017748214  0.428900574
-0.065842711  0.424771195
-0.113172676  0.415307934
-0.159146764  0.400635932
-0.203192778  0.380944848
-0.244764650  0.356486087
-0.283349126  0.327569400
-0.318471896  0.294558601
-0.349703098  0.257866647
-0.376662568  0.217950463
-0.399023917  0.175304819
-0.416518463  0.130456225
-0.428938042  0.083956194
-0.436137176  0.036374378
-0.438034517 -0.011708469
-0.434613347 -0.059707615
-0.425921491 -0.107041440
-0.412070362 -0.153138473
-0.393233169 -0.197444221
-0.369642424 -0.239427685
-0.341586918 -0.278587640
-0.309407916 -0.314458488
-0.273494683 -0.346615537
-0.234279583 -0.374679792
-0.192232818 -0.398322373
-0.147856463 -0.417267930
-0.101678409 -0.431297590
-0.054246033 -0.440251443
-0.006119551 -0.444029795
0.042134577 -0.442594108
0.089950354 -0.435967285
0.136768827 -0.424232620
0.182044615 -0.407532957
0.225252165 -0.386068404
0.265891673 -0.360093661
0.303494924 -0.329915056
0.337630203 -0.295886251
0.367907518 -0.258404430
0.393982340 -0.217904962
0.415559811 -0.174856621
0.432397410 -0.129755721
0.444307810 -0.083120490
0.451160378 -0.035484904
0.452882673 0.012607395
0.449460592 0.060609367
0.440938659 0.107976799
0.427418652 0.154174384
0.409058779 0.198681849
0.386070888 0.240999505
0.358718538 0.280654069
0.327313073 0.317203465
0.292210420 0.350241930
0.253806580 0.379404171
0.212533029 0.404369152
0.168851929 0.424863768
0.123250549 0.440665123
0.076235980 0.451603166
0.028329310 0.457562157
-0.019940185  0.458481405
-0.068040867  0.454356139
-0.115444631  0.445236876
-0.161632614  0.431228619
-0.206100897  0.412489695
-0.248365888  0.389229496
-0.287969407  0.361705915
-0.324483686  0.330222537
-0.357515794  0.295124950
-0.386711597  0.256796720
-0.411759508  0.215655203
-0.432393685  0.172146861
-0.448396535  0.126742226
-0.459600780  0.079930761
-0.465891118  0.032215566
-0.467205189 -0.015892101
-0.463533924 -0.063878336
-0.454921313 -0.111232053
-0.441463773 -0.157450395
-0.423308882 -0.202044046
-0.400653525 -0.244542351
-0.373741543 -0.284498178
-0.342860957 -0.321492518
-0.308340720 -0.355138753
-0.270547078 -0.385086574
-0.229879551 -0.411025488
-0.186766572 -0.432687861
-0.141660872 -0.449851498
-0.095034652 -0.462341740
-0.047374580 -0.470033059
0.000823332 -0.472850129
0.049058912 -0.470768365
0.096833023 -0.463813945
0.143652713 -0.452063281
0.189036261 -0.435642008
0.232518093 -0.414723471
0.273653458 -0.389526673
0.312022915 -0.360313878
0.347236486 -0.327387680
0.378937514 -0.291087758
0.406806121 -0.251787217
0.430562320 -0.209888661
0.449968648 -0.165819953
0.464832385 -0.120029770
0.475007302 -0.072982971
0.480394919 -0.025155826
0.480945280 0.022968834
0.476657233 0.070906506
0.467578223 0.118175882
0.453803593 0.164303662
0.435475415 0.208829254
0.412780860 0.251309311
0.385950131 0.291322079
0.355253983 0.328471497
0.321000832 0.362390999
0.283533564 0.392747048
0.243225963 0.419242272
0.200478876 0.441618224
0.155716163 0.459657802
0.109380403 0.473187164
0.061928469 0.482077248
0.013826990 0.486244869
-0.034452267  0.485653310
-0.082437032  0.480312495
-0.129659145  0.470278688
-0.175659101  0.455653727
-0.219990478  0.436583845
-0.262224205  0.413258038
-0.301952642  0.385906070
-0.338793445  0.354796084
-0.372393171  0.320231863
-0.402430564  0.282549724
-0.428619429  0.242115090
-0.450711288  0.199318923
-0.468497612  0.154573858
-0.481811652  0.108310161
-0.490529928  0.060971535
-0.494573033  0.013010785
-0.493906239 -0.035114471
-0.488539889 -0.082946185
-0.478528939 -0.130030282
-0.463972126 -0.175920895
-0.445010951 -0.220184533
-0.421828284 -0.262404176
-0.394646444 -0.302183196
-0.363724731 -0.339148872
-0.329356934 -0.372955785
-0.291868620 -0.403289145
-0.251613770 -0.429867508
-0.208971289 -0.452445103
-0.164341560 -0.470814269
-0.118142511 -0.484807151
-0.070805608 -0.494296845
-0.022771909 -0.499198776
0.025512145 -0.499471212
0.073598889 -0.495115302
0.121043515 -0.486174917
0.167408304 -0.472736566
0.212266444 -0.454927567
0.255206047 -0.432915406
0.295833952 -0.406905930
0.333778925 -0.377140837
0.368695450 -0.343896031
0.400266409 -0.307478398
0.428205879 -0.268223036
0.452262102 -0.226490382
0.472218777 -0.182662271
0.487897829 -0.137138947
0.499160183 -0.090334966
0.505907087 -0.042675559
0.508081217 0.005407269
0.505666135 0.053478723
0.498687493 0.101105124
0.487211370 0.147857749
0.471344676 0.193316820
0.451233082 0.237075033
0.427060263 0.278741358
0.399045701 0.317944353
0.367442710 0.354335412
0.332536150 0.387591919
0.294639533 0.417419778
0.254092414 0.443556259
0.211256974 0.465771795
0.166515017 0.483872371
0.120264258 0.497700618
0.072914940 0.507137516
0.024886038 0.512102939
-0.023398397  0.512556433
-0.071513025  0.508497422
-0.119034920  0.499964792
-0.165547375  0.487036990
-0.210643316  0.469830292
-0.253929186  0.448498780
-0.295027827  0.423231601
-0.333582348  0.394252452
-0.369258468  0.361816357
-0.401747930  0.326208199
-0.430770796  0.287739695
-0.456077605  0.246746573
-0.477452076  0.203585969
-0.494711853  0.158632685
-0.507711008  0.112276429
-0.516340476  0.064918054
-0.520528856  0.016966179
-0.520243634 -0.031166312
-0.515490204 -0.079065909
-0.506312577 -0.126321958
-0.492792669 -0.172530266
-0.475048924 -0.217296338
-0.453236037 -0.260238963
-0.427542928 -0.300993282
-0.398190936 -0.339213675
-0.365432398 -0.374577045
-0.329547867 -0.406785152
-0.290843676 -0.435566947
-0.249649640 -0.460681257
-0.206315816 -0.481918350
-0.161209502 -0.499101428
-0.114712315 -0.512088519
-0.067216740 -0.520773318
-0.019122781 -0.525085595
0.029165300 -0.524992175
0.077242487 -0.520497049
0.124706371 -0.511640790
0.171160462 -0.498500357
0.216217569 -0.481188523
0.259502980 -0.459852566
0.300657404 -0.434672781
0.339340030 -0.405861165
0.375231359 -0.373659542
0.408035677 -0.338337281
0.437483328 -0.300188956
0.463332995 -0.259531978
0.485373663 -0.216703888
0.503426162 -0.172059414
0.517344423 -0.125967480
0.527016668 -0.078808196
0.532366308 -0.030969701
0.533352403 0.017155088
0.529969809 0.065171717
0.522249032 0.112687396
0.510256021 0.159314194
0.494091506 0.204672226
0.473889990 0.248392704
0.449818579 0.290120922
0.422075424 0.329519030
0.390888099 0.366268746
0.356511695 0.400073917
0.319226589 0.430662789
0.279336159 0.457790199
0.237164182 0.481239378
0.193052191 0.500823616
0.147356682 0.516387706
0.100446196 0.527809065
0.052698317 0.534998635
0.004496613 0.537901488
-0.043772462  0.536497148
-0.091722667  0.530799628
-0.138971059  0.520857212
-0.185141027  0.506751952
-0.229865279  0.488598928
-0.272788737  0.466545221
-0.313571321  0.440768642
-0.351890604  0.411476218
-0.387444286  0.378902438
-0.419952573  0.343307360
-0.449160290  0.304974431
-0.474838776  0.264208158
-0.496787707  0.221331708
-0.514836462  0.176684224
-0.528845476  0.130618169
-0.538707164  0.083496476
-0.544346733  0.035689689
-0.545722573 -0.012426979
-0.542826590 -0.060476586
-0.535684099 -0.108083430
-0.524353501 -0.154875960
-0.508925777 -0.200489671
-0.489523664 -0.244569924
-0.466300587 -0.286774671
-0.439439380 -0.326777069
-0.409150776 -0.364267976
-0.375671687 -0.398958292
-0.339263291 -0.430581128
-0.300208938 -0.458893813
-0.258811896 -0.483679691
-0.215392950 -0.504749721
-0.170287849 -0.521943770
-0.123844740 -0.535131894
-0.076421413 -0.544215222
-0.028382501 -0.549126395
0.019903271 -0.549830348
0.068065980 -0.546324233
0.115737296 -0.538637344
0.162553325 -0.526830969
0.208157361 -0.510997682
0.252202513 -0.491260447
0.294354513 -0.467772017
0.334293966 -0.440713112
0.371718841 -0.410291296
0.406346787 -0.376739366
0.437917162 -0.340313396
0.466192916 -0.301290729
0.490962263 -0.259967791
0.512040253 -0.216657869
0.529270146 -0.171688703
0.542524424 -0.125399936
0.551705764 -0.078140550
0.556747596 -0.030266186
0.557614496 0.017863534
0.554302346 0.065887697
0.546838326 0.113446787
0.535280711 0.160185405
0.519718394 0.205754981
0.500269561 0.249816135
0.477081518 0.292041433
0.450329039 0.332117660
0.420212952 0.369747998
0.386958972 0.404654499
0.350815483 0.436579717
0.312051989 0.465288875
0.270956898 0.490571424
0.227835250 0.512242331
0.183006614 0.530143668
0.136802585 0.544145567
0.089564315 0.554147055
0.041640000 0.560076860
-0.006617733  0.561893729
-0.054854418  0.559586652
-0.102716333  0.553174820
-0.149853083  0.542707480
-0.195920195  0.528263559
-0.240581614  0.509950904
-0.283512110  0.487905364
-0.324399580  0.462289729
-0.362947305  0.433292525
-0.398876159  0.401126676
-0.431926547  0.366027761
-0.461860174  0.328252200
-0.488461587  0.288075301
-0.511539946  0.245789430
-0.530930386  0.201701780
-0.546494749  0.156131922
-0.558122789  0.109409638
-0.565732638  0.061872459
-0.569271939  0.013863300
-0.568717465 -0.034272178
-0.564075290 -0.082187946
-0.555380967 -0.129540096
-0.542699187 -0.175989369
-0.526123012 -0.221203553
-0.505773016 -0.264859720
-0.481796712 -0.306646636
-0.454367435 -0.346267052
-0.423682634 -0.383439553
-0.389962539 -0.417900481
-0.353448898 -0.449406134
-0.314402858 -0.477734233
-0.273102959 -0.502685189
-0.229843363 -0.524083718
-0.184931792 -0.541780347
-0.138686974 -0.555651714
-0.091436575 -0.565601552
-0.043514955 -0.571561985
0.004739446 -0.573493046
0.052986331 -0.571382983
0.100886006 -0.565249087
0.148101803 -0.555136663
0.194302285 -0.541118577
0.239163780 -0.523295488
0.282372565 -0.501794483
0.323626709 -0.476767717
0.362638779 -0.448392428
0.399137357 -0.416868679
0.432868721 -0.382417952
0.463599331 -0.345282300
0.491116635 -0.305721761
0.515230547 -0.264012768
0.535775605 -0.220446630
0.552610738 -0.175326722
0.565621001 -0.128966876
0.574718597 -0.081689101
0.579842090 -0.033821085
0.580958422 0.014305762
0.578061982 0.062358851
0.571174450 0.110006532
0.560345918 0.156920601
0.545652510 0.202778232
0.527197525 0.247264502
0.505109859 0.290074448
0.479542615 0.330914763
0.450673448 0.369506654
0.418701413 0.405586534
0.383847173 0.438908893
0.346350521 0.469247315
0.306468770 0.496395844
0.264475549 0.520171261
0.220657877 0.540412618
0.175315372 0.556984481
0.128757064 0.569775424
0.081300110 0.578700778
0.033267121 0.583701790
-0.015015820  0.584746341
-0.063221445  0.581829734
-0.111023447  0.574973149
-0.158098883  0.564225548
-0.204129961  0.549660852
-0.248806749  0.531379849
-0.291828488  0.509507078
-0.332906510  0.484192158
-0.371765121  0.455606676
-0.408144483  0.423944755
-0.441801321  0.389420265
-0.472511372  0.352266400
-0.500070149  0.312733331
-0.524294801  0.271086984
-0.545024887  0.227606905
-0.562123617  0.182584530
-0.575478661  0.136321156
-0.585002771  0.089125900
-0.590634381  0.041313637
-0.592337914 -0.006797113
-0.590103927 -0.054886315
-0.583949267 -0.102634552
-0.573916521 -0.149725105
-0.560074339 -0.195846166
-0.542515900 -0.240692627
-0.521359609 -0.283968546
-0.496746570 -0.325388377
-0.468841518 -0.364679803
-0.437829591 -0.401584232
-0.403917230 -0.435860029
-0.367328642 -0.467282285
-0.328306226 -0.495646150
-0.287107260 -0.520766220
-0.244003521 -0.542479472
-0.199278552 -0.560644957
-0.153226199 -0.575145234
-0.106148680 -0.585887458
-0.058354285 -0.592802608
-0.010155751 -0.595848009
0.038132130 -0.595004890
0.086194392 -0.590281239
0.133717959 -0.581709234
0.180393723 -0.569346609
0.225918630 -0.553275793
0.269997236 -0.533602433
0.312344381 -0.510456532
0.352685994 -0.483989313
0.390761814 -0.454374098
0.426326489 -0.421804054
0.459150935 -0.386490918
0.489024793 -0.348664500
0.515756216 -0.308569790
0.539174494 -0.266466561
0.559130416 -0.222627025
0.575496726 -0.177333992
0.588170403 -0.130879587
0.597071326 -0.083562658
0.602144124 -0.035687346
0.603358413 0.012439071
0.600707718 0.060508171
0.594211073 0.108212299
0.583911815 0.155246596
0.569877209 0.201310799
0.552198896 0.246111426
0.530991150 0.289363338
0.506390482 0.330791533
0.478555466 0.370133398
0.447664280 0.407139500
0.413914609 0.441575753
0.377522173 0.473224912
0.338718851 0.501887412
0.297751541 0.527382855
0.254880751 0.549551572
0.210378363 0.568254648
0.164526336 0.583375413
0.117614850 0.594820376
0.069940170 0.602518614
0.021803128 0.606423258
-0.026492964  0.606511845
-0.074644259  0.602785299
-0.122348150  0.595268555
-0.169305345  0.584010860
-0.215221609  0.569084452
-0.259809510  0.550584268
-0.302790456  0.528627928
-0.343896300  0.503354432
-0.382870838  0.474923106
-0.419471554  0.443512906
-0.453471348  0.409321395
-0.484659177  0.372562723
-0.512841983  0.333467007
-0.537845863  0.292278711
-0.559516721  0.249254825
-0.577721398  0.204663425
-0.592348175  0.158781908
-0.603308296  0.111895496
-0.610535325  0.064295076
-0.613986107  0.016275622
-0.613640777 -0.031865655
-0.609503544 -0.079831212
-0.601601426 -0.127325001
-0.589984640 -0.174054199
-0.574726491 -0.219731119
-0.555922701 -0.264075010
-0.533690414 -0.306813610
-0.508167665 -0.347684816
-0.479512645 -0.386438375
-0.447902719 -0.422837507
-0.413532953 -0.456660075
-0.376614977 -0.487699890
-0.337375843 -0.515768116
-0.296056588 -0.540694464
-0.252910617 -0.562328090
-0.208202041 -0.580538235
-0.162204219 -0.595215218
-0.115198053 -0.606271097
-0.067470238 -0.613640253
-0.019311429 -0.617279444
0.028985463 -0.617168008
0.077127031 -0.613308190
0.124821188 -0.605725043
0.171778967 -0.594466220
0.217716228 -0.579601485
0.262355348 -0.561222291
0.305426866 -0.539441190
0.346671196 -0.514391297
0.385840105 -0.486225249
0.422698277 -0.455114360
0.457024453 -0.421247262
0.488612986 -0.384829081
0.517274913 -0.346079994
0.542839151 -0.305233960
0.565153528 -0.262537271
0.584085481 -0.218246943
0.599522833 -0.172629211
0.611374520 -0.125957960
0.619571093 -0.078513053
0.624065022 -0.030578622
0.624831063 0.017558625
0.621866201 0.065611149
0.615189650 0.113292271
0.604842724 0.160317873
0.590888569 0.206408093
0.573411720 0.251288975
0.552517581 0.294694108
0.528331762 0.336366202
0.500999220 0.376058571
0.470683362 0.413536545
0.437565114 0.448578893
0.401841747 0.480979052
0.363725743 0.510546382
0.323443437 0.537107186
0.281233727 0.560505799
0.237346574 0.580605405
0.192041514 0.597288788
0.145586135 0.610459055
0.098254444 0.620040018
0.050325296 0.625976797
0.002080710 0.628235927
-0.046195781  0.626805670
-0.094220800  0.621695866
-0.141712798  0.612938016
-0.188393683  0.600584891
-0.233990457  0.584710289
-0.278236801  0.565408516
-0.320874606  0.542793776
-0.361655466  0.516999485
-0.400342108  0.488177458
-0.436709765  0.456496991
-0.470547468  0.422143846
-0.501659186  0.385319078
-0.529865026  0.346237922
-0.555002190  0.305128461
-0.576925894  0.262230277
-0.595510178  0.217793049
-0.610648599  0.172075085
-0.622254811  0.125341804
-0.630263021  0.077864185
-0.634628331  0.029917189
-0.635326939 -0.018221836
-0.632356235 -0.066274759
-0.625734865 -0.113964284
-0.615502414 -0.161015531
-0.601719282 -0.207157629
-0.584466204 -0.252125251
-0.563843842 -0.295660165
-0.539972039 -0.337512649
-0.512989197 -0.377442954
-0.483051426 -0.415222661
-0.450331554 -0.450635915
-0.415018199 -0.483480722
-0.377314563 -0.513569987
-0.337437325 -0.540732645
-0.295615300 -0.564814510
-0.252088181 -0.585679233
-0.207105090 -0.603208952
-0.160923169 -0.617304964
-0.113806096 -0.627888270
-0.066022566 -0.634899962
-0.017844752 -0.638301495
0.030453243 -0.638074951
0.078596955 -0.634222997
0.126313112 -0.626768914
0.173331181 -0.615756356
0.219384906 -0.601249133
0.264213794 -0.583330754
0.307564585 -0.562103939
0.349192673 -0.537690010
0.388863466 -0.510228152
0.426353692 -0.479874601
0.461452652 -0.446801747
0.493963357 -0.411197091
0.523703619 -0.373262184
0.550507079 -0.333211484
0.574224062 -0.291271088
0.594722427 -0.247677464
0.611888273 -0.202676100
0.625626499 -0.156520093
0.635861355 -0.109468738
0.642536825 -0.061786052
0.645616846 -0.013739282
0.645085559 0.034402585
0.640947276 0.082370335
0.633226497 0.129896036
0.621967634 0.176714515
0.607234870 0.222564862
0.589111604 0.267191838
0.567700078 0.310347324
0.543120701 0.351791666
0.515511341 0.391294975
0.485026603 0.428638445
0.451836853 0.463615487
0.416127268 0.496032863
0.378096817 0.525711771
0.337957098 0.552488773
0.295931143 0.576216673
0.252252177 0.596765304
0.207162311 0.614022235
0.160911179 0.627893340
0.113754551 0.638303303
0.065952905 0.645195983
0.017769982 0.648534682
-0.030528669  0.648302316
-0.078677155  0.644501474
-0.126410700  0.637154373
-0.173467104  0.626302691
-0.219588168  0.612007306
-0.264521111  0.594347929
-0.308019936  0.573422619
-0.349846787  0.549347260
-0.389773256  0.522254886
-0.427581550  0.492294829
-0.463065676  0.459631928
-0.496032653  0.424445697
-0.526303315  0.386929101
-0.553713529  0.347287724
-0.578114800  0.305738419
-0.599375357  0.262508303
-0.617380518  0.217833312
-0.632033657  0.171957065
-0.643256171  0.125129340
-0.650988429  0.077604895
-0.655189714  0.029641954
-0.655838362 -0.018499149
-0.652932187 -0.066557370
-0.646488283 -0.114272421
-0.636542840 -0.161386168
-0.623150802 -0.207643973
-0.606385840 -0.252796126
-0.586339703 -0.296599148
-0.563121702 -0.338817066
-0.536858198 -0.379222728
-0.507691902 -0.417599049
-0.475780943 -0.453740090
-0.441298018 -0.487452132
-0.404429475 -0.518554723
-0.365374266 -0.546881581
-0.324342911 -0.572281534
-0.281556371 -0.594619388
-0.237244711 -0.613776424
-0.191645935 -0.629651109
-0.145004690 -0.642159626
-0.097570911 -0.651236103
-0.049598557 -0.656833167
-0.001344202 -0.658922274
0.046934390 -0.657493590
0.094979588 -0.652555821
0.142535261 -0.644136535
0.189348134 -0.632281749
0.235169180 -0.617055862
0.279754984 -0.598541226
0.322868848 -0.576837310
0.364282188 -0.552060565
0.403775577 -0.524343505
0.441140192 -0.493834382
0.476178723 -0.460696026
0.508706252 -0.425104869
0.538551342 -0.387250182
0.565556920 -0.347333045
0.589581300 -0.305565360
0.610498601 -0.262168488
0.628199403 -0.217372120
0.642591266 -0.171413089
0.653599441 -0.124534190
0.661167287 -0.076982826
0.665256116 -0.029009607
0.665845480 0.019132880
0.662933336 0.067191370
0.656536443 0.114913331
0.646689640 0.162048295
0.633445681 0.208349098
0.616874984 0.253573120
0.597065720 0.297483754
0.574122871 0.339851562
0.548167476 0.380455306
0.519336127 0.419083086
0.487780618 0.455533738
0.453666846 0.489617781
0.417173625 0.521158062
0.378491954 0.549990728
0.337824322 0.575966523
0.295383322 0.598951298
0.251390382 0.618826328
0.206074781 0.635489041
0.159672619 0.648854064
0.112425343 0.658853318
0.064578431 0.665435803
0.016380306 0.668568321
-0.031919009  0.668236088
-0.080069296  0.664442100
-0.127821312  0.657206863
-0.174928076  0.646568879
-0.221146348  0.632584692
-0.266237637  0.615327552
-0.309969349  0.594887328
-0.352116375  0.571370817
-0.392462047  0.544900460
-0.430798934  0.515613402
-0.466930133  0.483661265
-0.500670757  0.449209719
-0.531848039  0.412436654
-0.560302288  0.373531593
-0.585888533  0.332695279
-0.608476556  0.290137983
-0.627951150  0.246078361
-0.644213555  0.200742802
-0.657181901  0.154364053
-0.666790631  0.107179753
-0.672991433  0.059431527
-0.675754259  0.011363723
-0.675065981 -0.036778051
-0.670930797 -0.084747951
-0.663371490 -0.132301322
-0.652427673 -0.179195891
-0.638155735 -0.225192799
-0.620629887 -0.270058236
-0.599940449 -0.313564357
-0.576193175 -0.355490122
-0.549510102 -0.395623144
-0.520027826 -0.433760331
-0.487896446 -0.469708429
-0.453280087 -0.503286032
-0.416355133 -0.534323913
-0.377308995 -0.562665222
-0.336340262 -0.588167644
-0.293656889 -0.610703310
-0.249474928 -0.630158695
-0.204018293 -0.646436889
-0.157516911 -0.659456926
-0.110205580 -0.669153487
-0.062323278 -0.675479349
-0.014111414 -0.678403719
0.034187122 -0.677912377
0.082329229 -0.674009589
0.130072861 -0.666715818
0.177178079 -0.656068446
0.223408649 -0.642122725
0.268532668 -0.624949198
0.312324075 -0.604635046
0.354564036 -0.581283620
0.395041063 -0.555012218
0.433553247 -0.525953677
0.469908695 -0.494254429
0.503925787 -0.460073281
0.535435850 -0.423582419
0.564282047 -0.384964518
0.590321047 -0.344412892
0.613424455 -0.302130759
0.633477374 -0.258329050
0.650381277 -0.213226659
0.664053149 -0.167048520
0.674425332 -0.120024552
0.681448163 -0.072389007
0.685087150 -0.024378640
0.685325457 0.023767978
0.682163369 0.071811919
0.675616815 0.119514875
0.665720210 0.166640643
0.652523030 0.212955902
0.636091695 0.258231618
0.616508962 0.302244354
0.593871834 0.344776546
0.568293940 0.385618952
0.539901914 0.424570120
0.508836900 0.461438509
0.475253168 0.496043215
0.439316469 0.528213843
0.401205174 0.557793428
0.361106990 0.584636489
0.319220128 0.608612301
0.275750968 0.629603812
0.230913429 0.647508468
0.184928338 0.662240025
0.138021399 0.673726234
0.090423166 0.681912751
0.042366961 0.686759706
-0.005911637  0.688244805
-0.054176287  0.686361819
-0.102190852  0.681120585
-0.149720791  0.672548504
-0.196533852  0.660687517
-0.242401949  0.645597576
-0.287101259  0.627352372
-0.330414429  0.606042556
-0.372130632  0.581772528
-0.412047170  0.554661458
-0.449970501  0.524842429
-0.485716328  0.492460832
-0.519112167  0.457675543
-0.549995681  0.420655562
-0.578218546  0.381582049
-0.603643749  0.340644613
-0.626149643  0.298042869
-0.645627337  0.253983422
-0.661983920  0.208680380
-0.675140873  0.162353303
-0.685035560  0.115226665
-0.691621312  0.067528583
-0.694866903  0.019489676
-0.694758272 -0.028657944
-0.691296179 -0.076681854
-0.684499248 -0.124350535
-0.674400242 -0.171434160
-0.661049870 -0.217706314
-0.644512305 -0.262944147
-0.624869154 -0.306930692
-0.602214762 -0.349454340
-0.576659911 -0.390311698
-0.548327258 -0.429306437
-0.517354509 -0.466252563
-0.483890250 -0.500972797
-0.448096391 -0.533302040
-0.410144473 -0.563085382
-0.370217438 -0.590181659
-0.328506490 -0.614461324
-0.285212068 -0.635809793
-0.240541212 -0.654125116
-0.194708076 -0.669321543
-0.147931536 -0.681326576
-0.100435293 -0.690084748
-0.052445890 -0.695554399
-0.004192282 -0.697711308
0.044095660 -0.696545268
0.092188098 -0.692063801
0.139856191 -0.684288129
0.186873621 -0.673257350
0.233016887 -0.659023654
0.278067462 -0.641656709
0.321811468 -0.621238851
0.364042247 -0.597868767
0.404559486 -0.571657127
0.443172399 -0.542729967
0.479698041 -0.511224139
0.513964851 -0.477290261
0.545810711 -0.441088814
0.575086504 -0.402792190
0.601654107 -0.362581454
0.625389345 -0.320647309
0.646180764 -0.277187937
0.663931257 -0.232408767
0.678558224 -0.186521263
0.689993255 -0.139741760
0.698184131 -0.092290869
0.703092362 -0.044391874
0.704696894 0.003729785
0.702989999 0.051847957
0.697981786 0.099736706
0.689695613 0.147171212
0.678172234 0.193929247
0.663466037 0.239791683
0.645647086 0.284543959
0.624799748 0.327976865
0.601022070 0.369887296
0.574426877 0.410080126
0.545138348 0.448367327
0.513295013 0.484571271
0.479045541 0.518522881
0.442550942 0.550064835
0.403981850 0.579050512
0.363518571 0.605345406
0.321350442 0.628828303
0.277673823 0.649389822
0.232692882 0.666936216
0.186616723 0.681385611
0.139660130 0.692672697
0.092041304 0.700745378
0.043981541 0.705567090
-0.004296019  0.707116958
-0.052567458  0.705387774
-0.100609101  0.700389552
-0.148198409  0.692145446
-0.195115285  0.680695129
-0.241142865  0.666092383
-0.286068389  0.648405176
-0.329684907  0.627716966
-0.371790891  0.604123217
-0.412192803  0.577734414
-0.450704544  0.548672739
-0.487148907  0.517072797
-0.521359042  0.483081470
-0.553177312  0.446855290
-0.582458585  0.408562231
-0.609068529  0.368378740
-0.632885365  0.326490042
-0.653801091  0.283089446
-0.671719581  0.238376287
-0.686560166  0.192556491
-0.698255369  0.145840442
-0.706752056  0.098442532
-0.712013067  0.050580283
-0.714014260  0.002472913
-0.712747944 -0.045659248
-0.708220926 -0.093596049
-0.700454103 -0.141118271
-0.689484803 -0.188009019
-0.675363378 -0.234054206
-0.658155138 -0.279043830
-0.637940079 -0.322773218
-0.614810370 -0.365042958
-0.588872782 -0.405661101
-0.560246209 -0.444443162
-0.529061190 -0.481212699
-0.495461005 -0.515803580
-0.459598652 -0.548058759
-0.421637656 -0.577832144
-0.381751469 -0.604989829
-0.340121191 -0.629408576
-0.296936364 -0.650978596
-0.252393374 -0.669603253
-0.206694150 -0.685198210
-0.160046223 -0.697694235
-0.112660975 -0.707035647
-0.064752901 -0.713180407
-0.016538886 -0.716102376
0.031763156 -0.715788929
0.079934979 -0.712241947
0.127759216 -0.705479128
0.175020161 -0.695531381
0.221504733 -0.682444164
0.267003873 -0.666278088
0.311312734 -0.647106233
0.354232045 -0.625015617
0.395569429 -0.600107087
0.435139119 -0.572492871
0.472763639 -0.542297776
0.508274964 -0.509658685
0.541513833 -0.474722329
0.572331599 -0.437646080
0.600591259 -0.398597233
0.626166373 -0.357750985
0.648942942 -0.315290793
0.668820376 -0.271407534
0.685710023 -0.226297721
0.699536933 -0.180163436
0.710240818 -0.133211387
0.717774260 -0.085651431
0.722104165 -0.037696119
0.723212752 0.010440350
0.721095653 0.058543255
0.715762795 0.106398092
0.707239307 0.153791725
0.695564021 0.200513256
0.680789272 0.246354769
0.662981892 0.291112603
0.642222177 0.334588200
0.618602676 0.376588474
0.592229105 0.416927231
0.563219761 0.455426182
0.531703638 0.491914734
0.497821046 0.526231440
0.461723201 0.558225185
0.423570450 0.587754763
0.383532032 0.614689755
0.341785828 0.638911906
0.298517027 0.660315067
0.253917064 0.678804926
0.208183381 0.694300535
0.161518384 0.706734776
0.114128147 0.716053287
0.066221881 0.722215508
0.018010995 0.725195409
-0.030292023  0.724980935
-0.078474429  0.721573422
-0.126324112  0.714988644
-0.173630734  0.705256943
-0.220186419  0.692421687
-0.265786658  0.676539810
-0.310231433  0.657682070
-0.353326101  0.635932359
-0.394881764  0.611386490
-0.434716459  0.584152732
-0.472656238  0.554351485
-0.508535467  0.522114010
-0.542197333  0.487581820
-0.573495033  0.450906643
-0.602292626  0.412249739
-0.628464785  0.371780515
-0.651897584  0.329676123
-0.672489407  0.286120924
-0.690151494  0.241305575
-0.704807370  0.195425804
-0.716393658  0.148681883
-0.724860726  0.101277813
-0.730172911  0.053420303
-0.732307626  0.005317756
-0.731256219 -0.042820439
-0.727024139 -0.090784877
-0.719630999 -0.138367162
-0.709109481 -0.185360665
-0.695505898 -0.231561415
-0.678880126 -0.276769069
-0.659305414 -0.320787921
-0.636867211 -0.363427389
-0.611663303 -0.404502945
-0.583803576 -0.443837045
-0.553409597 -0.481260064
-0.520613447 -0.516610563
-0.485557390 -0.549736036
-0.448393519 -0.580493810
-0.409283092 -0.608751801
-0.368395518 -0.634388745
-0.325907564 -0.657294479
-0.282002875 -0.677370775
-0.236871167 -0.694531889
-0.190707310 -0.708704895
-0.143710297 -0.719829330
-0.096082623 -0.727857947
-0.048029390 -0.732756949
0.000242622 -0.734506305
0.048525914 -0.733099370
0.096613070 -0.728542764
0.144297640 -0.720856785
0.191375064 -0.710075236
0.237643639 -0.696245427
0.282905212 -0.679427304
0.326966038 -0.659693543
0.369637669 -0.637129356
0.410737819 -0.611832141
0.450091175 -0.583911002
0.487529824 -0.553485861
0.522894150 -0.520687299
0.556033549 -0.485656016
0.586807148 -0.448542240
0.615084377 -0.409504995
0.640745125 -0.368711161
0.663680566 -0.326335057
0.683793619 -0.282557664
0.700999360 -0.237565821
0.715225481 -0.191551424
0.726412078 -0.144710451
0.734512276 -0.097242293
0.739492322 -0.049348879
0.741331874 -0.001233816
0.740024132 0.046898527
0.735575352 0.094843888
0.728005092 0.142398921
0.717346187 0.189362072
0.703644537 0.235534435
0.686959088 0.280720665
0.667361277 0.324729749
0.644934686 0.367375742
0.619774766 0.408478557
0.591988559 0.447864801
0.561694160 0.485368494
0.529020168 0.520831750
0.494105179 0.554105490
0.457096915 0.585049757
0.418151932 0.613534595
0.377434875 0.639440557
0.335117732 0.662659165
0.291379097 0.683093340
0.246403426 0.700657868
0.200380157 0.715279473
0.153503047 0.726897385
0.105969300 0.735463494
0.057978737 0.740942503
0.009732971 0.743312294
-0.038565503  0.742563767
-0.086714120  0.738700741
-0.134511070  0.731740125
-0.181756162  0.721711824
-0.228251656  0.708658572
-0.273803106  0.692635775
-0.318220203  0.673711290
-0.361317499  0.651964957
-0.402915154  0.627488286
-0.442839724  0.600384163
-0.480924876  0.570766392
-0.517012125  0.538759240
-0.550951419  0.504496822
-0.582601827  0.468122592
-0.611832002  0.429788636
-0.638520690  0.389655046
-0.662557447  0.347889397
-0.683842848  0.304665866
-0.702288950  0.260164573
-0.717819822  0.214570881
-0.730371683  0.168074528
-0.739893080  0.120868836
-0.746345301  0.073149951
-0.749702174  0.025115979
-0.749950575 -0.023033778
-0.747090186 -0.071099687
-0.741133604 -0.118882603
-0.732106252 -0.166184698
-0.720046285 -0.212810293
-0.705004327 -0.258566645
-0.687043332 -0.303264764
-0.666238144 -0.346720110
-0.642675437 -0.388753457
-0.616453162 -0.429191562
-0.587680159 -0.467867870
-0.556475779 -0.504623259
-0.522969274 -0.539306618
-0.487299315 -0.571775515
-0.449613369 -0.601896727
-0.410067087 -0.629546789
-0.368823654 -0.654612469
-0.326053131 -0.676991253
-0.281931747 -0.696591761
-0.236641157 -0.713334091
-0.190367689 -0.727150146
-0.143301578 -0.737983890
-0.095636174 -0.745791589
-0.047567145 -0.750541954
0.000708333 -0.752216234
0.048992377 -0.750808280
0.097087205 -0.746324574
0.144795947 -0.738784190
0.191923453 -0.728218714
0.238277089 -0.714672071
0.283667517 -0.698200344
0.327909474 -0.678871538
0.370822518 -0.656765279
0.412231765 -0.631972481
0.451968590 -0.604594952
0.489871324 -0.574744985
0.525785867 -0.542544840
0.559566322 -0.508126271
0.591075588 -0.471629978
0.620185936 -0.433205048
0.646779459 -0.393008284
0.670748560 -0.351203585
0.691996437 -0.307961300
0.710437364 -0.263457474
0.725997091 -0.217873161
0.738613141 -0.171393680
0.748234982 -0.124207843
0.754824329 -0.076507205
0.758355141 -0.028485260
0.758813855 0.019663323
0.756199294 0.067743503
0.750522758 0.115560645
0.741807947 0.162921321
0.730090777 0.209634073
0.715419343 0.255510208
0.697853601 0.300364536
0.677465160 0.344016120
0.654337009 0.386289021
0.628563090 0.427012967
0.600247968 0.466024053
0.569506397 0.503165408
0.536462818 0.538287801
0.501250838 0.571250213
0.464012737 0.601920455
0.424898818 0.630175621
0.384066850 0.655902631
0.341681380 0.678998625
0.297913094 0.699371400
0.252938112 0.716939746
0.206937278 0.731633771
0.160095428 0.743395167
0.112600643 0.752177425
0.064643497 0.757946015
0.016416283 0.760678511
-0.031887756  0.760364661
-0.080075202  0.757006413
-0.127953235  0.750617908
-0.175330408  0.741225392
-0.222017401  0.728867093
-0.267827791  0.713593089
-0.312578779  0.695465055
-0.356091912  0.674556008
-0.398193824  0.650950056
-0.438716867  0.624741957
-0.477499833  0.596036826
-0.514388518  0.564949606
-0.549236422  0.531604713
-0.581905237  0.496135428
-0.612265403  0.458683385
-0.640196691  0.419398058
-0.665588573  0.378436074
-0.688340685  0.335960620
-0.708363238  0.292140795
-0.725577315  0.247150912
-0.739915251  0.201169828
-0.751320778  0.154380191
-0.759749354  0.106967747
-0.765168205  0.059120575
-0.767556552  0.011028356
-0.766905618 -0.037118389
-0.763218667 -0.085129051
-0.756510977 -0.132813691
-0.746809714 -0.179983779
-0.734153939 -0.226452957
-0.718594324 -0.272037760
-0.700192942 -0.316558323
-0.679023116 -0.359839133
-0.655168973 -0.401709654
-0.628725235 -0.442005063
-0.599796714 -0.480566820
-0.568497977 -0.517243348
-0.534952854 -0.551890599
-0.499293916 -0.584372596
-0.461661975 -0.614561980
-0.422205516 -0.642340506
-0.381080093 -0.667599479
-0.338447712 -0.690240174
-0.294476199 -0.710174229
-0.249338524 -0.727323964
-0.203212116 -0.741622682
-0.156278171 -0.753014913
-0.108720925 -0.761456624
-0.060726940 -0.766915372
-0.012484362 -0.769370432
0.035817812 -0.768812856
0.083990479 -0.765245486
0.131845166 -0.758682943
0.179194771 -0.749151566
0.225854291 -0.736689270
0.271641536 -0.721345388
0.316377849 -0.703180496
0.359888798 -0.682266148
0.402004841 -0.658684559
0.442561988 -0.632528302
0.481402445 -0.603899941
0.518375207 -0.572911595
0.553336636 -0.539684496
0.586151048 -0.504348544
0.616691164 -0.467041719
0.644838672 -0.427909612
0.670484633 -0.387104809
0.693529889 -0.344786285
0.713885476 -0.301118811
0.731472912 -0.256272274
0.746224529 -0.210421037
0.758083699 -0.163743241
0.767005042 -0.116420119
0.772954618 -0.068635291
0.775910022 -0.020574043
0.775860431 0.027577389
0.772806715 0.075632540
0.766761355 0.123405444
0.757748356 0.170711340
0.745803235 0.217367402
0.730972799 0.263193431
0.713314973 0.308012554
0.692898555 0.351651898
0.669802955 0.393943257
0.644117870 0.434723738
0.615942927 0.473836382
0.585387281 0.511130758
0.552569198 0.546463541
0.517615572 0.579699051
0.480661447 0.610709773
0.441849471 0.639376833
0.401329349 0.665590448
0.359257266 0.689250346
0.315795269 0.710266139
0.271110641 0.728557660
0.225375246 0.744055248
0.178764876 0.756700016
0.131458559 0.766444052
0.083637885 0.773250608
0.035486294 0.777094229
-0.012811625  0.777960804
-0.061070837  0.775847648
-0.109106572  0.770763485
-0.156735039  0.762728415
-0.203774119  0.751773800
-0.250044050  0.737942118
-0.295368139  0.721286872
-0.339573433  0.701872329
-0.382491333  0.679773188
-0.423958300  0.655074420
-0.463816411  0.627870808
-0.501913968  0.598266622
-0.538106137  0.566375282
-0.572255340  0.532318742
-0.604231991  0.496227256
-0.633914718  0.458238612
-0.661191090  0.418497846
-0.685957757  0.377156468
-0.708121141  0.334372084
-0.727597529  0.290307622
-0.744313484  0.245130780
-0.758206170  0.199013392
-0.769223339  0.152130703
-0.777323849  0.104660800
-0.782477618  0.056783865
-0.784665628  0.008681503
-0.783880240 -0.039463922
-0.780125039 -0.087470001
-0.773414902 -0.135154974
-0.763775826 -0.182338404
-0.751244917 -0.228841875
-0.735870204 -0.274489664
-0.717710392 -0.319109383
-0.696834685 -0.362532640
-0.673322499 -0.404595667
-0.647263145 -0.445139923
-0.618755471 -0.484012681
-0.587907541 -0.521067631
-0.554836203 -0.556165441
-0.519666592 -0.589174235
-0.482531662 -0.619970090
-0.443571676 -0.648437486
-0.402933679 -0.674469737
-0.360770938 -0.697969388
-0.317242352 -0.718848547
-0.272511856 -0.737029205
-0.226747837 -0.752443615
-0.180122457 -0.765034505
-0.132810975 -0.774755163
-0.084991121 -0.781569685
-0.036842427 -0.785453157
0.011454464 -0.786391590
0.059718458 -0.784382026
0.107768672 -0.779432513
0.155425157 -0.771562318
0.202509560 -0.760801549
0.248845766 -0.747191032
0.294260606 -0.730782361
0.338584416 -0.711637400
0.381651725 -0.689828272
0.423301859 -0.665437007
0.463379462 -0.638555144
0.501735325 -0.609283727
0.538226629 -0.577732439
0.572717696 -0.544019514
0.605080257 -0.508271030
0.635194169 -0.470620691
0.662947596 -0.431209094
0.688237633 -0.390183389
0.710970690 -0.347696686
0.731062736 -0.303907409
0.748439623 -0.258978717
0.763037249 -0.213077869
0.774801896 -0.166375652
0.783690398 -0.119045732
0.789670255 -0.071264014
0.792719987 -0.023207990
0.792828921 0.024943971
0.789997261 0.073013260
0.784236069 0.120821683
0.775567248 0.168192106
0.764023393 0.214949093
0.749647911 0.260919616
0.732494700 0.305933709
0.712627795 0.349825027
0.690121199 0.392431466
0.665058619 0.433595756
0.637533102 0.473165995
0.607646841 0.510996308
0.575510800 0.546947448
0.541244059 0.580887129
0.504973447 0.612690522
0.466833108 0.642240745
0.426963962 0.669429209
0.385513294 0.694156169
0.342634210 0.716331191
0.298484882 0.735873168
0.253228036 0.752710686
0.207030374 0.766782293
0.160061959 0.778036645
0.112495651 0.786432971
0.064506395 0.791941181
0.016270532 0.794541625
-0.032034799  0.794225285
-0.080232289  0.790993835
-0.128145097  0.784859572
-0.175597564  0.775845738
-0.222415863  0.763986067
-0.268428578  0.749324565
-0.313467318  0.731915423
-0.357367303  0.711822802
-0.399968057  0.689120788
-0.441114083  0.663893154
-0.480655224  0.636232666
-0.518447246  0.606240877
-0.554352308  0.574027736
-0.588239535  0.539711288
-0.619985751  0.503417428
-0.649475598  0.465279056
-0.676601899  0.425435623
-0.701266122  0.384032714
-0.723378661  0.341221497
-0.742859627  0.297158379
-0.759638725  0.252004153
-0.773655338  0.205923395
-0.784858911  0.159083973
-0.793209030  0.111656429
-0.798676095  0.063813426
-0.801240964  0.015728973
-0.800894834 -0.032422181
-0.797639413 -0.080465123
-0.791486893 -0.128225384
-0.782460431 -0.175529675
-0.770593467 -0.222206504
-0.755929541 -0.268086727
-0.738522206 -0.313004125
-0.718434929 -0.356796012
-0.695741307 -0.399304093
-0.670524078 -0.440374759
-0.642874939 -0.479859621
-0.612894215 -0.517615984
-0.580690791 -0.553507574
-0.546381786 -0.587405220
-0.510091582 -0.619186841
-0.471951556 -0.648737952
-0.432099655 -0.675952047
-0.390680211 -0.700731499
-0.347843089 -0.722987587
-0.303743000 -0.742640472
-0.258539106 -0.759619623
-0.212394517 -0.773864186
-0.165475794 -0.785323772
-0.117952020 -0.793957692
-0.069994336 -0.799735268
-0.021775393 -0.802635966
0.026531264 -0.802650161
0.074751951 -0.799778599
0.122713402 -0.794032054
0.170243313 -0.785431457
0.217171015 -0.774008219
0.263328245 -0.759804276
0.308549553 -0.742871124
0.352672830 -0.723269800
0.395539929 -0.701070906
0.436997620 -0.676354908
0.476897711 -0.649210905
0.515097520 -0.619736423
0.551460351 -0.588037167
0.585856632 -0.554227313
0.618163873 -0.518428357
0.648266827 -0.480768550
0.676058015 -0.441382678
0.701438737 -0.400411979
0.724319071 -0.358003245
0.744617714 -0.314308079
0.762262336 -0.269482535
0.777190629 -0.223686867
0.789350244 -0.177084690
0.798698247 -0.129842221
0.805201449 -0.082127879
0.808837379 -0.034111802
0.809594031 0.014034956
0.807469136 0.062141036
0.802470374 0.110035235
0.794616255 0.157547204
0.783935640 0.204508172
0.770466870 0.250751351
0.754257897 0.296112432
0.735367075 0.340430529
0.713862294 0.383548672
0.689820176 0.425314029
0.663326084 0.465578426
0.634474819 0.504199571
0.603369270 0.541041055
0.570119862 0.575972537
0.534844481 0.608870311
0.497668828 0.639618690
0.458724866 0.668109364
0.418150476 0.694241679
0.376089379 0.717923427
0.332690858 0.739071873
0.288108464 0.757612749
0.242499729 0.773480597
0.196025985 0.786619949
0.148851566 0.796985447
0.101142964 0.804540843
0.053068510 0.809259474
0.004797870 0.811125731
-0.043498824  0.810133823
-0.091651427  0.806287371
-0.139490295  0.799600171
-0.186847152  0.790096978
-0.233555476  0.777811679
-0.279450908  0.762787462
-0.324372239  0.745077949
-0.368161932  0.724746290
-0.410666226  0.701864105
-0.451735785  0.676511857
-0.491227034  0.648779651
-0.529001704  0.618765235
-0.564927202  0.586573890
-0.598877954  0.552319109
-0.630735694  0.516121723
-0.660388907  0.478108675
-0.687733718  0.438413238
-0.712675388  0.397175175
-0.735127076  0.354539079
-0.755010075  0.310654119
-0.772255609  0.265674239
-0.786804296  0.219757051
-0.798605312  0.173063051
-0.807617631  0.125755534
-0.813811065  0.078000005
-0.817164310  0.029963199
-0.817665508 -0.018187171
-0.815314135 -0.066283040
-0.810119076 -0.114156742
-0.802098281 -0.161641333
-0.791280449 -0.208571369
-0.777704330 -0.254783619
-0.761417197 -0.300117167
-0.742475972 -0.344414189
-0.720947829 -0.387521051
-0.696907861 -0.429287955
-0.670439559 -0.469569525
-0.641636092 -0.508226441
-0.610597946 -0.545124740
-0.577432758 -0.580136058
-0.542256517 -0.613139516
-0.505191880 -0.644021217
-0.466367313 -0.672673833
-0.425917951 -0.698998494
-0.383984660 -0.722904920
-0.340712688 -0.744310144
-0.296252185 -0.763140278
-0.250757663 -0.779331369
-0.204386591 -0.792827371
-0.157299543 -0.803581632
-0.109659758 -0.811558339
-0.061631965 -0.816730116
-0.013382247 -0.819078906
0.034922552 -0.818598072
0.083115632 -0.815289616
0.131030488 -0.809164657
0.178501867 -0.800245810
0.225366105 -0.788564264
0.271461410 -0.774159988
0.316629212 -0.757084004
0.360714076 -0.737395662
0.403563896 -0.715162451
0.445031647 -0.690462163
0.484974958 -0.663380395
0.523256045 -0.634009984
0.559743949 -0.602453056
0.594313691 -0.568818645
0.626846057 -0.533222079
0.657230177 -0.495786629
0.685362248 -0.456641298
0.711145224 -0.415920265
0.734491693 -0.373764096
0.755322148 -0.330317735
0.773564676 -0.285730061
0.789158011 -0.240154564
0.802049242 -0.193747602
0.812193733 -0.146668132
0.819558205 -0.099077794
0.824117855 -0.051139554
0.825856675 -0.003017537
0.824770317 0.045123497
0.820862698 0.093118937
0.814146922 0.140804571
0.804647614 0.188017611
0.792397210 0.234596785
0.777437524 0.280382903
0.759821200 0.325220133
0.739608102 0.368955371
0.716867493 0.411439433
0.691678296 0.452528158
0.664125930 0.492081188
0.634304978 0.529964083
0.602317957 0.566048536
0.568273359 0.600211226
0.532288015 0.632336659
0.494484856 0.662316092
0.454992183 0.690047056
0.413945260 0.715436502
0.371483730 0.738398375
0.327751820 0.758854335
0.282898848 0.776736435
0.237077019 0.791983750
0.190442045 0.804544710
0.143152585 0.814378217
0.095368920 0.821450220
0.047253332 0.825737792
-0.001031035  0.827227330
-0.049320529  0.825913098
-0.097451560  0.821801189
-0.145261207  0.814905714
-0.192587517  0.805249793
-0.239270684  0.792867826
-0.285152687  0.777801224
-0.330078490  0.760101550
-0.373896741  0.739829836
-0.416459000  0.717053858
-0.457622174  0.691851941
-0.497247510  0.664309481
-0.535200955  0.634519152
-0.571355568  0.602582932
-0.605589083  0.568608162
-0.637786445  0.532709896
-0.667840115  0.495009977
-0.695648135  0.455634938
-0.721118169  0.414718407
-0.744164627  0.372398210
-0.764709708  0.328816763
-0.782685923  0.284121477
-0.798032097  0.238462404
-0.810697646  0.191993488
-0.820640837  0.144871103
-0.827827564  0.097253498
-0.832235563  0.049300925
-0.833849608  0.001174327
-0.832664787 -0.046964658
-0.828686448 -0.094954573
-0.821927010 -0.142634336
-0.812410939 -0.189844285
-0.800170024 -0.236426200
-0.785245391 -0.282223947
-0.767688601 -0.327084657
-0.747557528 -0.370857741
-0.724921094 -0.413397329
-0.699855145 -0.454561190
-0.672443438 -0.494211501
-0.642779095 -0.532216705
-0.610960486 -0.568449145
-0.577095183 -0.602788776
-0.541296409 -0.635121070
-0.503683622 -0.665337874
-0.464383508 -0.693339763
-0.423526598 -0.719032439
-0.381250114 -0.742331591
-0.337695028 -0.763159636
-0.293006555 -0.781447054
-0.247334247 -0.797134533
-0.200829900 -0.810168788
-0.153648905 -0.820508174
-0.105948230 -0.828118097
-0.057886710 -0.832973490
-0.009624333 -0.835059675
0.038678429 -0.834368701
0.086861020 -0.830904879
0.134763317 -0.824679112
0.182226239 -0.815712883
0.229092409 -0.804036944
0.275206025 -0.789689340
0.320414678 -0.772719635
0.364568045 -0.753183164
0.407520286 -0.731146129
0.449129144 -0.706681722
0.489256644 -0.679870982
0.527770829 -0.650804119
0.564543458 -0.619576507
0.599454122 -0.586293107
0.632386835 -0.551063541
0.663233318 -0.514005051
0.691892194 -0.475240653
0.718268234 -0.434898203
0.742275956 -0.393112097
0.763834994 -0.350019789
0.782875896 -0.305764492
0.799335367 -0.260492085
0.813159750 -0.214352274
0.824304378 -0.167497515
0.832731825 -0.120082221
0.838416330 -0.072263056
0.841337918 -0.024197481
0.841488989 0.023956000
0.838868422 0.072038828
0.833485766 0.119892697
0.825359466 0.167360231
0.814515809 0.214285135
0.800992311 0.260513519
0.784832246 0.305893027
0.766090806 0.350275229
0.744828651 0.393513937
0.721116932 0.435467728
0.695033583 0.475998941
0.666664371 0.514974580
0.636103498 0.552267608
0.603450498 0.587755083
0.568814024 0.621322103
0.532306703 0.652857706
0.494049558 0.682260137
0.454167374 0.709432435
0.412791501 0.734286653
0.370057477 0.756741667
0.326105211 0.776724032
0.281079033 0.794169664
0.235125893 0.809020680
0.188396651 0.821230545
0.141043682 0.830758055
0.093222135 0.837574287
0.045088010 0.841655881
-0.003201380  0.842991190
-0.051488484  0.841575558
-0.099615747  0.837414307
-0.147426312  0.830521750
-0.194764223  0.820920051
-0.241475553  0.808642114
-0.287407827  0.793726939
-0.332412130  0.776225167
-0.376341431  0.756192519
-0.419053698  0.733696270
-0.460409382  0.708808511
-0.500274958  0.681611863
-0.538520423  0.652194161
-0.575022199  0.620652026
-0.609661769  0.587088006
-0.642326854  0.551611419
-0.672912110  0.514338086
-0.701317918  0.475388762
-0.727453447  0.434890786
-0.751233061  0.392975006
-0.772581506  0.349778382
-0.791428360  0.305440362
-0.807714693  0.260105533
-0.821386414  0.213920289
-0.832401413  0.167034845
-0.840722833  0.119600702
-0.846325695  0.071771728
-0.849191005  0.023702549
-0.849311036 -0.024451258
-0.846685049 -0.072534027
-0.841322495 -0.120390379
-0.833240937 -0.167865740
-0.822466857 -0.214806807
-0.809035818 -0.261062215
-0.792991041 -0.306482598
-0.774385495 -0.350921839
-0.753278665 -0.394236349
-0.729740122 -0.436287207
-0.703844921 -0.476938387
-0.675678182 -0.516059966
-0.645329674 -0.553525211
-0.612898827 -0.589214849
-0.578489052 -0.623013079
-0.542212693 -0.654812764
-0.504185513 -0.684510522
-0.464531266 -0.712012698
-0.423376607 -0.737229674
-0.380855036 -0.760082398
-0.337102490 -0.780496185
-0.292260481 -0.798407565
-0.246472465 -0.813757727
-0.199886136 -0.826499553
-0.152650619 -0.836590866
-0.104917892 -0.844001439
-0.056840817 -0.848706261
-0.008573718 -0.850692364
0.039728786 -0.849952186
0.087911988 -0.846490159
0.135821509 -0.840316226
0.183304228 -0.831452149
0.230207986 -0.819925208
0.276383199 -0.805774207
0.321681870 -0.789043362
0.365959858 -0.769788015
0.409075209 -0.748068710
0.450891063 -0.723956614
0.491273302 -0.697527779
0.530094096 -0.668868279
0.567228838 -0.638068662
0.602560360 -0.605228795
0.635975132 -0.570452550
0.667368138 -0.533852290
0.696638331 -0.495543864
0.723694187 -0.455650679
0.748448384 -0.414299066
0.770824046 -0.371621881
0.790748676 -0.327754339
0.808160982 -0.282837008
0.823004191 -0.237012272
0.835233352 -0.190426602
0.844808133 -0.143227746
0.851700421 -0.095566189
0.855886866 -0.047593171
0.857356473 0.000538729
0.856103183 0.048676710
0.852133186 0.096668022
0.845457831 0.144360267
0.836100299 0.191602428
0.824089270 0.238244489
0.809464501 0.284139007
0.792271697 0.329140330
0.772566585 0.373106353
0.750411361 0.415897736
0.725876925 0.457379370
0.699041204 0.497420128
0.669989326 0.535893443
0.638813911 0.572678172
0.605613300 0.607657784
0.570493502 0.640722711
0.533564918 0.671767837
0.494945474 0.700696595
0.454756356 0.727416582
0.413125718 0.751845352
0.370184195 0.773904522
0.326068355 0.793526598
0.280916740 0.810648347
0.234872515 0.825217868
0.188080447 0.837188112
0.140688435 0.846523091
0.092845634 0.853192809
0.044702868 0.857177346
-0.003588311  0.858464306
-0.051875904  0.857049929
-0.100008047  0.852939692
-0.147833297  0.846145930
-0.195201561  0.836691792
-0.241963708  0.824605791
-0.287973389  0.809928091
-0.333085631  0.792703386
-0.377159606  0.772987909
-0.420056439  0.750842363
-0.461642383  0.726337927
-0.501786651  0.699550881
-0.540363941  0.670566144
-0.577253496  0.639474788
-0.612339686  0.606374276
-0.645513560  0.571369308
-0.676670501  0.534568872
-0.705714585  0.496089547
-0.732553754  0.456050923
-0.757105940  0.414579557
-0.779293217  0.371804505
-0.799047852  0.327860395
-0.816307583  0.282884351
-0.831019255  0.237017255
-0.843137506  0.190402565
-0.852624104  0.143185794
-0.859451179  0.095514689
-0.863596138  0.047537869
-0.865048344 -0.000594774
-0.863801859 -0.048733153
-0.859862580 -0.096727198
-0.853242060 -0.144427264
-0.843961902 -0.191684808
-0.832051540 -0.238352744
-0.817547713 -0.284285609
-0.800497281 -0.329340959
-0.780952085 -0.373378090
-0.758975025 -0.416260909
-0.734633289 -0.457855447
-0.708004110 -0.498033244
-0.679169951 -0.536669238
-0.648220810 -0.573643615
-0.615253666 -0.608842254
-0.580370261 -0.642155209
-0.543680372 -0.673480618
-0.505296943 -0.702720181
-0.465340333 -0.729784811
-0.423934022 -0.754589949
-0.381206893 -0.777059427
-0.337291698 -0.797124262
-0.292324286 -0.814721688
-0.246444669 -0.829799054
-0.199794505 -0.842308367
-0.152518771 -0.852212921
-0.104763582 -0.859481245
-0.056676874 -0.864091785
-0.008407408 -0.866031008
0.039895557 -0.865292240
0.088082765 -0.861879812
0.136005213 -0.855802888
0.183515096 -0.847082216
0.230465620 -0.835744138
0.276711938 -0.821824258
0.322111670 -0.805366548
0.366524397 -0.786420926
0.409813976 -0.765047763
0.451846400 -0.741311874
0.492492845 -0.715287786
0.531628123 -0.687055712
0.569131558 -0.656702543
0.604888775 -0.624323077
0.638788798 -0.590016039
0.670728775 -0.553888487
0.700609882 -0.516051044
0.728340753 -0.476620581
0.753836991 -0.435718895
0.777019413 -0.393471248
0.797818614 -0.350008459
0.816169701 -0.305463553
0.832017548 -0.259973874
0.845313851 -0.213679153
0.856017327 -0.166721391
0.864097065 -0.119245078
0.869527007 -0.071395618
0.872292209 -0.023319957
0.872384096 0.024834586
0.869802278 0.072920388
0.864556468 0.120790267
0.856661384 0.168297464
0.846143087 0.215296813
0.833033481 0.261644449
0.817372707 0.307198507
0.799210287 0.351820234
0.778600549 0.395372681
0.755608246 0.437723509
0.730303292 0.478743151
0.702763128 0.518306301
0.673073191 0.556293085
0.641323174 0.592586767
0.607611361 0.627077728
0.572040454 0.659660633
0.534718909 0.690235943
0.495761684 0.718711851
0.455286809 0.745000558
0.413418541 0.769023258
0.370284453 0.790706886
0.326015800 0.809985026
0.280748135 0.826800765
0.234618835 0.841101855
0.187768694 0.852845961
0.140340323 0.861997908
0.092477873 0.868529175
0.044327120 0.872421873
-0.003965695  0.873663264
-0.052253755  0.872250358
-0.100390465  0.868188526
-0.148229543  0.861489122
-0.195626014  0.852174340
-0.242436001  0.840272006
-0.288517444  0.825818332
-0.333731148  0.808858815
-0.377939588  0.789443709
-0.421009316  0.767633233
-0.462810049  0.743493793
-0.503214807  0.717098000
-0.542102278  0.688527380
-0.579354337  0.657867825
-0.614858473  0.625212515
-0.648508264  0.590661272
-0.680201146  0.554317853
-0.709842422  0.516293187
-0.737342658  0.476702281
-0.762618351  0.435664574
-0.785594757  0.393305016
-0.806201784  0.349751121
-0.824377666  0.305134681
-0.840068844  0.259590841
-0.853226921  0.213256680
-0.863813654  0.166272423
-0.871797506  0.118779776
-0.877153680  0.070921849
-0.879867958  0.022843097
-0.879931556 -0.025311703
-0.877344498 -0.073397431
-0.872116195 -0.121269416
-0.864261374 -0.168783457
-0.853804755 -0.215796689
-0.840778569 -0.262167900
-0.825221173 -0.307757365
-0.807180950 -0.352428528
-0.786712065 -0.396047162
-0.763875691 -0.438481970
-0.738742096 -0.479606382
-0.711386100 -0.519296552
-0.681890141 -0.557433441
-0.650343957 -0.593903569
-0.616841494 -0.628596928
-0.581483894 -0.661409989
-0.544377882 -0.692245182
-0.505634121 -0.721009368
-0.465369577 -0.747617419
-0.423705063 -0.771989997
-0.380765086 -0.794053543
-0.336678994 -0.813743472
-0.291578618 -0.831000675
-0.245598906 -0.845773302
-0.198877937 -0.858018837
-0.151555227 -0.867700058
-0.103772373 -0.874788166
-0.055672407 -0.879263609
-0.007398942 -0.881112233
0.040903728 -0.880328987
0.089091428 -0.876917658
0.137020244 -0.870887482
0.184547184 -0.862257385
0.231530682 -0.851054107
0.277830405 -0.837310279
0.323308567 -0.821067975
0.367829884 -0.802376245
0.411261383 -0.781290159
0.453474228 -0.757873756
0.494342943 -0.732197100
0.533745484 -0.704336148
0.571565391 -0.674375042
0.607690296 -0.642403054
0.642012359 -0.608514954
0.674430584 -0.572812633
0.704848646 -0.535402209
0.733175816 -0.496394686
0.759329137 -0.455906859
0.783230920 -0.414058930
0.804809870 -0.370975064
0.824003355 -0.326783882
0.840754259 -0.281616412
0.855012651 -0.235606648
0.866737728 -0.188891523
0.875894536 -0.141609458
0.882455719 -0.093900643
0.886403359 -0.045906677
0.887725619 0.002230318
0.886418282 0.050367712
0.882486836 0.098363008
0.875942746 0.146074183
0.866805109 0.193359948
0.855102453 0.240080689
0.840869335 0.286098279
0.824147537 0.331276505
0.804987832 0.375482306
0.783446928 0.418585160
0.759588104 0.460457507
0.733483035 0.500976346
0.705208971 0.540022237
0.674848993 0.577479620
0.642493670 0.613238715
0.608238784 0.647194427
0.572184976 0.679246216
0.534439217 0.709300268
0.495113264 0.737268732
0.454322592 0.763068646
0.412187827 0.786624637
0.368833546 0.807868331
0.324387068 0.826736600
0.278979469 0.843174345
0.232744778 0.857134513
0.185818762 0.868575428
0.138339551 0.877463698
0.090446960 0.883774610
0.042281635 0.887489257
-0.006014852  0.888596665
-0.054300614  0.887095013
-0.102433926  0.882988626
-0.150273429  0.876289350
-0.197678877  0.867018027
-0.244511324  0.855202211
-0.290633292  0.840876166
-0.335909756  0.824082728
-0.380208380  0.804871984
-0.423399124  0.783299669
-0.465355599  0.759429436
-0.505955655  0.733332385
-0.545080133  0.705084400
-0.582614567  0.674768364
-0.618449976  0.642474023
-0.652481530  0.608295760
-0.684609463  0.572333366
-0.714740752  0.534692829
-0.742787664  0.495484354
-0.768667944  0.454822316
-0.792306518  0.412825894
-0.813635316  0.369618223
-0.832591687  0.325325224
-0.849120410  0.280076302
-0.863174570  0.234003950
-0.874713065  0.187242467
-0.883701995  0.139928211
-0.890116276  0.092199367
-0.893937773  0.044195053
-0.895154909 -0.003944894
-0.893764627 -0.052080164
-0.889772281 -0.100070660
-0.883189003 -0.147776674
-0.874034107 -0.195059318
-0.862335404 -0.241781242
-0.848127015 -0.287806622
-0.831450078 -0.333001533
-0.812353793 -0.377234799
-0.790894523 -0.420378292
-0.767134189 -0.462306480
-0.741142065 -0.502897638
-0.712994694 -0.542034592
-0.682773690 -0.579603729
-0.650566660 -0.615495883
-0.616467724 -0.649607463
-0.580576315 -0.681840124
-0.542996226 -0.712100115
-0.503836634 -0.740299890
-0.463211736 -0.766358725
-0.421239160 -0.790201109
-0.378040439 -0.811757838
-0.333741062 -0.830967185
-0.288469573 -0.847774378
-0.242356822 -0.862130402
-0.195536352 -0.873993906
-0.148143876 -0.883331734
-0.100316397 -0.890117014
-0.052192163 -0.894329891
-0.003910365 -0.895958777
0.044389506 -0.895000100
0.092567979 -0.891456245
0.140485893 -0.885337587
0.188005015 -0.876662692
0.234988364 -0.865457141
0.281300314 -0.851752938
0.326807351 -0.835590039
0.371378625 -0.817016026
0.414885701 -0.796084433
0.457203141 -0.772855537
0.498209258 -0.747396784
0.537786555 -0.719782401
0.575820846 -0.690091516
0.612202711 -0.658409791
0.646828094 -0.624829160
0.679597717 -0.589446504
0.710417183 -0.552363451
0.739197990 -0.513686817
0.765858406 -0.473528512
0.790321815 -0.432003877
0.812517904 -0.389232224
0.832383223 -0.345336626
0.849861850 -0.300443595
0.864903338 -0.254681848
0.877464634 -0.208182797
0.887510262 -0.161080042
0.895012319 -0.113508840
0.899949057 -0.065605523
0.902306426 -0.017507479
0.902078462 0.030647381
0.899266540 0.078721143
0.893878441 0.126576117
0.885929780 0.174075230
0.875444260 0.221082651
0.862452341 0.267464006
0.846990934 0.313086528
0.829104566 0.357819755
0.808845318 0.401536139
0.786271362 0.444110886
0.761447066 0.485422243
0.734443638 0.525352272
0.705339048 0.563787482
0.674216554 0.600618296
0.641164944 0.635739512
0.606278783 0.669051032
0.569658320 0.700458554
0.531408111 0.729872693
0.491637149 0.757209445
0.450459075 0.782391146
0.407991737 0.805346828
0.364356215 0.826011336
0.319676761 0.844325700
0.274080777 0.860238020
0.227698391 0.873703901
0.180661641 0.884685286
0.133104343 0.893150832
0.085161884 0.899076717
0.036970723 0.902446981
-0.011332154  0.903252427
-0.059609466  0.901490641
-0.107723990  0.897166904
-0.155539096  0.890294237
-0.202919120  0.880892734
-0.249729537  0.868988954
-0.295837470  0.854616845
-0.341112274  0.837817896
-0.385425788  0.818640385
-0.428652305  0.797138561
-0.470669319  0.773373582
-0.511357945  0.747413268
-0.550603370  0.719331889
-0.588294422  0.689208941
-0.624324379  0.657129815
-0.658591439  0.623185660
-0.690999287  0.587473223
-0.721456329  0.550093605
-0.749876369  0.511152548
-0.776179264  0.470760429
-0.800291296  0.429031893
-0.822144707  0.386085078
-0.841677693  0.342041316
-0.858835213  0.297025157
-0.873569376  0.251164002
-0.885839313  0.204587549
-0.895610359  0.157427233
-0.902854968  0.109816192
-0.907553175  0.061888880
-0.909692535  0.013780549
-0.909267205 -0.034373174
-0.906278428 -0.082436533
-0.900734851 -0.130274032
-0.892652818 -0.177750946
-0.882055663 -0.224733677
-0.868973133 -0.271089917
-0.853442294 -0.316689186
-0.835507244 -0.361403228
-0.815219231 -0.405106555
-0.792635414 -0.447676311
-0.767819354 -0.488992792
-0.740841112 -0.528939955
-0.711777051 -0.567405851
-0.680709294 -0.604282777
-0.647725072 -0.639467122
-0.612917223 -0.672860220
-0.576383702 -0.704368479
-0.538227628 -0.733904116
-0.498556178 -0.761384451
-0.457480664 -0.786732407
-0.415116457 -0.809877076
-0.371582633 -0.830754016
-0.327001506 -0.849305335
-0.281498022 -0.865479158
-0.235199704 -0.879230203
-0.188236387 -0.890520328
-0.140739728 -0.899318467
-0.092842763 -0.905600549
-0.044679522 -0.909348984
0.003615189 -0.910553524
0.051906232 -0.909211105
0.100058577 -0.905326200
0.147937668 -0.898910019
0.195409694 -0.889980538
0.242342027 -0.878562974
0.288603608 -0.864689570
0.334065463 -0.848399789
0.378600781 -0.829739328
0.422085277 -0.808760334
0.464397703 -0.785521618
0.505420167 -0.760088358
0.545038646 -0.732532094
0.583142815 -0.702929807
0.619626518 -0.671364099
0.654388227 -0.637923159
0.687331399 -0.602700515
0.718364743 -0.565794689
0.747402026 -0.527308560
0.774362553 -0.487349374
0.799171400 -0.446028458
0.821759931 -0.403461059
0.842065957 -0.359765907
0.860033143 -0.315064539
0.875611731 -0.269481311
0.888758576 -0.223143002
0.899437533 -0.176178521
0.907619638 -0.128718484
0.913282371 -0.080894700
0.916410201 -0.032839969
0.916994606 0.015312283
0.915034370 0.063428388
0.910535557 0.111374884
0.903511037 0.159018857
0.893980332 0.206228220
0.881970114 0.252872125
0.867514004 0.298821357
0.850652540 0.343948742
0.831432958 0.388129505
0.809908545 0.431241356
0.786139078 0.473165018
0.760190625 0.513784581
0.732135342 0.552987844
0.702051354 0.590666745
0.670022012 0.626717244
0.636135955 0.661039738
0.600487062 0.693539523
0.563174128 0.724127056
0.524300602 0.752718278
0.483974054 0.779234547
0.442305872 0.803602721
0.399411252 0.825755787
0.355408721 0.845632841
0.310419880 0.863179414
0.264569032 0.878347686
0.217982644 0.891096008
0.170789198 0.901389410
0.123118844 0.909199761
0.075103021 0.914505876
0.026874067 0.917293656
-0.021435195  0.917555901
-0.069691776  0.915292039
-0.117762844  0.910508481
-0.165516119  0.903218708
-0.212820252  0.893443127
-0.259545260  0.881209199
-0.305562788  0.866550913
-0.350746364  0.849508621
-0.394971896  0.830129444
-0.438117987  0.808466942
-0.480066263  0.784580941
-0.520701816  0.758537525
-0.559913272  0.730408429
-0.597593092  0.700270966
-0.633638043  0.668208061
-0.667949431  0.634307917
-0.700433429  0.598663810
-0.731001381  0.561373827
-0.759569698  0.522540317
-0.786060244  0.482269812
-0.810400668  0.440672807
-0.832524553  0.397863413
-0.852371663  0.353959052
-0.869888180  0.309080134
-0.885026367  0.263349541
-0.897745039  0.216892473
-0.908009608  0.169836082
-0.915792350  0.122309156
-0.921072311  0.074441707
-0.923835568  0.026364629
-0.924074947 -0.021790706
-0.921789933 -0.069892748
-0.916987024 -0.117810119
-0.909679705 -0.165411999
-0.899888166 -0.212568458
-0.887639631 -0.259150894
-0.872967951 -0.305032347
-0.855913298 -0.350087732
-0.836522386 -0.394194251
-0.814848400 -0.437231776
-0.790950660 -0.479083102
-0.764894689 -0.519634399
-0.736751878 -0.558775480
-0.706598995 -0.596399849
-0.674518392 -0.632405264
-0.640597555 -0.666693842
-0.604929061 -0.699172498
-0.567610188 -0.729753099
-0.528742698 -0.758352759
-0.488432594 -0.784894157
-0.446789485 -0.809305200
-0.403926738 -0.831519842
-0.359960924 -0.851477880
-0.315011669 -0.869125474
-0.269201154 -0.884414914
-0.222653946 -0.897305252
-0.175496433 -0.907761696
-0.127856654 -0.915756212
-0.079863887 -0.921267210
-0.031648375 -0.924280205
0.016659110 -0.924787217
0.064927582 -0.922787257
0.113026253 -0.918286299
0.160824822 -0.911296675
0.208193864 -0.901837685
0.255005141 -0.889935190
0.301131935 -0.875621592
0.346449502 -0.858936077
0.390835321 -0.839924122
0.434169429 -0.818637455
0.476334830 -0.795134056
0.517217611 -0.769477644
0.556707406 -0.741737828
0.594697573 -0.711989740
0.631085704 -0.680314103
0.665773698 -0.646796726
0.698668157 -0.611528423
0.729680593 -0.574604695
0.758727449 -0.536125322
0.785730487 -0.496194267
0.810617141 -0.454919476
0.833320580 -0.412412467
0.853779820 -0.368788000
0.871940018 -0.324163843
0.887752655 -0.278660433
0.901175394 -0.232400457
0.912172298 -0.185508590
0.920714029 -0.138111195
0.926777885 -0.090335952
0.930347843 -0.042311515
0.931414624 0.005832838
0.929975723 0.053967562
0.926035443 0.101963208
0.919604611 0.149690744
0.910700763 0.197021889
0.899348233 0.243829507
0.885577592 0.289987825
0.869426263 0.335372942
0.850937947 0.379863071
0.830162624 0.423338889
0.807156429 0.465683878
0.781981349 0.506784551
0.754705035 0.546530696
0.725400964 0.584815891
0.694148000 0.621537672
0.661030156 0.656597769
0.626136437 0.689902418
0.589560533 0.721362549
0.551400777 0.750894285
0.511759539 0.778418781
0.470743008 0.803862395
0.428461235 0.827157394
0.385027527 0.848241707
0.340558166 0.867059026
0.295172319 0.883559472
0.248991443 0.897699136
0.202139119 0.909440538
0.154740688 0.918752775
0.106922821 0.925611036
0.058813334 0.929997443
0.010540744 0.931900404
-0.037766019  0.931315290
-0.085977986  0.928243849
-0.133966497  0.922694690
-0.181603522  0.914682840
-0.228762054  0.904230125
-0.275316395  0.891364695
-0.321142514  0.876121173
-0.366118310  0.858540363
-0.410124043  0.838669447
-0.453042587  0.816561650
-0.494759737  0.792276099
-0.535164585  0.765877801
-0.574149688  0.737437242
-0.611611472  0.707030400
-0.647450533  0.674738526
-0.681571690  0.640647691
-0.713884362  0.604848739
-0.744302868  0.567437086
-0.772746577  0.528512381
-0.799140138  0.488178260
-0.823413644  0.446542049
-0.845502886  0.403714521
-0.865349520  0.359809585
-0.882901115  0.314943932
-0.898111431  0.269236786
-0.910940345  0.222809520
-0.921354090  0.175785388
-0.929325334  0.128289191
-0.934833267  0.080446939
-0.937863559  0.032385504
-0.938408448 -0.015767697
-0.936466860 -0.063885052
-0.932044218 -0.111839096
-0.925152536 -0.159502840
-0.915810480 -0.206750138
-0.904043015 -0.253455969
-0.889881552 -0.299496790
-0.873363844 -0.344750858
-0.854533870 -0.389098561
-0.833441709 -0.432422725
-0.810143401 -0.474608925
-0.784700802 -0.515545787
-0.757181418 -0.555125283
-0.727658237 -0.593243034
-0.696209459 -0.629798518
-0.662918427 -0.664695455
-0.627873197 -0.697841875
-0.591166502 -0.729150531
-0.552895357 -0.758538979
-0.513160952 -0.785929965
-0.472068241 -0.811251462
-0.429725749 -0.834436956
-0.386245241 -0.855425558
-0.341741479 -0.874162278
-0.296331836 -0.890597990
-0.250136044 -0.904689682
-0.203275874 -0.916400584
-0.155874780 -0.925700173
-0.108057581 -0.932564181
-0.059950171 -0.936974865
-0.011679155 -0.938920937
0.036628476 -0.938397499
0.084845677 -0.935406290
0.132845696 -0.929955481
0.180502378 -0.922059625
0.227690541 -0.911739840
0.274286270 -0.899023523
0.320167239 -0.883944335
0.365213088 -0.866542239
0.409305654 -0.846863168
0.452329330 -0.824959041
0.494171356 -0.800887608
0.534722090 -0.774712241
0.573875349 -0.746501870
0.611528620 -0.716330687
0.647583397 -0.684278046
0.681945377 -0.650428171
0.714524691 -0.614869940
0.745236267 -0.577696758
0.773999873 -0.539006148
0.800740420 -0.498899592
0.825388212 -0.457482279
0.847878976 -0.414862737
0.868154161 -0.371152631
0.886160933 -0.326466393
0.901852529 -0.280921020
0.915188181 -0.234635684
0.926133265 -0.187731444
0.934659537 -0.140330965
0.940744996 -0.092558136
0.944374016 -0.044537782
0.945537416 0.003604670
0.944232475 0.051743516
0.940462890 0.099753113
0.934238788 0.147508197
0.925576705 0.194884213
0.914499575 0.241757654
0.901036506 0.288006344
0.885222945 0.333509810
0.867100365 0.378149546
0.846716247 0.421809334
0.824123908 0.464375523
0.799382556 0.505737439
0.772556814 0.545787502
0.743716767 0.584421610
0.712937712 0.621539387
0.680299966 0.657044435
0.645888652 0.690844585
0.609793475 0.722852139
0.572108488 0.752984090
0.532931842 0.781162337
0.492365527 0.807313883
0.450515111 0.831371026
0.407489460 0.853271536
0.363400451 0.872958806
0.318362674 0.890381978
0.272493143 0.905496090
0.225911003 0.918262249
0.178737164 0.928647502
0.131094077 0.936625250
0.083105346 0.942175092
0.034895430 0.945282985
-0.013410694  0.945941042
-0.061687829  0.944147939
-0.109810905  0.939908586
-0.157655292  0.933234233
-0.205097142  0.924142529
-0.252013656  0.912657179
-0.298283492  0.898808317
-0.343786966  0.882631959
-0.388406485  0.864170327
-0.432026710  0.843471353
-0.474534992  0.820588882
-0.515821580  0.795582339
-0.555779876  0.768516553
-0.594306824  0.739461761
-0.631303037  0.708493217
-0.666673171  0.675691163
-0.700326058  0.641140481
-0.732175030  0.604930580
-0.762138114  0.567155124
-0.790138192  0.527911749
-0.816103332  0.487301910
-0.839966701  0.445430437
-0.861667106  0.402405499
-0.881148819  0.358338120
-0.898361942  0.313342015
-0.913262279  0.267533195
-0.925811856  0.221029805
-0.935978496  0.173951660
-0.943736432  0.126420072
-0.949065895  0.078557435
-0.951953482  0.030486973
-0.952392072 -0.017667607
-0.950380714 -0.065782418
-0.945925018 -0.113733726
-0.939036647 -0.161398257
-0.929733624 -0.208653523
-0.918040130 -0.255378127
-0.903986483 -0.301452076
-0.887609078 -0.346757099
-0.868950274 -0.391176951
-0.848058151 -0.434597644
-0.824986667 -0.476907862
-0.799795285 -0.517999153
-0.772548907 -0.557766249
-0.743317585 -0.596107237
-0.712176609 -0.632924024
-0.679205981 -0.668122343
-0.644490460 -0.701612178
-0.608119231 -0.733307926
-0.570185637 -0.763128541
-0.530787048 -0.790997874
-0.490024548 -0.816844808
-0.448002646 -0.840603380
-0.404829043 -0.862212990
-0.360614387 -0.881618642
-0.315471912 -0.898770915
-0.269517197 -0.913626199
-0.222867852 -0.926146737
-0.175643247 -0.936300854
-0.127964153 -0.944062837
-0.079952469 -0.949413131
-0.031730904 -0.952338345
0.016577344 -0.952831288
0.064848897 -0.950891023
0.112960511 -0.946522717
0.160789397 -0.939737836
0.208213533 -0.930554006
0.255111959 -0.918994878
0.301365121 -0.905090271
0.346855121 -0.888875863
0.391466074 -0.870393292
0.435084384 -0.849689961
0.477598992 -0.826818853
0.518901706 -0.801838491
0.558887458 -0.774812755
0.597454561 -0.745810696
0.634505015 -0.714906420
0.669944662 -0.682178783
0.703683521 -0.647711308
0.735635898 -0.611591845
0.765720766 -0.573912505
0.793861846 -0.534769296
0.819987769 -0.494261878
0.844032360 -0.452493381
0.865934811 -0.409570130
0.885639651 -0.365601278
0.903097092 -0.320698646
0.918263115 -0.274976394
0.931099412 -0.228550683
0.941573717 -0.181539455
0.949659701 -0.134062077
0.955337074 -0.086239061
0.958591822 -0.038191767
0.959415842 0.009957935
0.957807469 0.058087952
0.953770887 0.106076272
0.947316792 0.153801311
0.938461625 0.201142151
0.927228275 0.247978948
0.913645304 0.294193104
0.897747529 0.339667725
0.879575297 0.384287724
0.859174996 0.427940326
0.836598456 0.470515179
0.811902968 0.511904663
0.785151362 0.552004318
0.756411369 0.590712802
0.725755986 0.627932505
0.693262901 0.663569536
0.659014313 0.697533922
0.623097060 0.729740166
0.585602025 0.760107120
0.546624027 0.788558273
0.506261620 0.815021994
0.464616887 0.839431797
0.421795044 0.861726326
0.377904218 0.881849512
0.333055238 0.899750849
0.287361326 0.915385515
0.240937761 0.928714335
0.193901632 0.939703992
0.146371526 0.948327049
0.098467227 0.954561948
0.050309456 0.958393383
0.002019500 0.959811966
-0.046281056  0.958814379
-0.094470642  0.955403414
-0.142428008  0.949587929
-0.190032532  0.941382828
-0.237164516  0.930809018
-0.283705494  0.917893357
-0.329538525  0.902668580
-0.374548488  0.885173216
-0.418622368  0.865451489
-0.461649542  0.843553200
-0.503522053  0.819533601
-0.544134883  0.793453251
-0.583386210  0.765377866
-0.621177667  0.735378143
-0.657414582  0.703529586
-0.692006215  0.669912308
-0.724865978  0.634610829
-0.755911702  0.597713901
-0.785065699  0.559314165
-0.812255071  0.519508033
-0.837411962  0.478395468
-0.860473578  0.436079627
-0.881382376  0.392666635
-0.900086280  0.348265356
-0.916538579  0.302987022
-0.930698417  0.256945111
-0.942530651  0.210254948
-0.952005930  0.163033422
-0.959100765  0.115398710
-0.963797689  0.067470000
-0.966085296  0.019367170
-0.965958085 -0.028789515
-0.963416593 -0.076879685
-0.958467564 -0.124783189
-0.951123561 -0.172380375
-0.941403163 -0.219552389
-0.929331007 -0.266181508
-0.914937402 -0.312151362
-0.898258608 -0.357347310
-0.879336452 -0.401656645
-0.858218378 -0.444968910
-0.834957408 -0.487176242
-0.809611626 -0.528173422
-0.782244616 -0.567858471
-0.752924700 -0.606132540
-0.721725256 -0.642900481
-0.688724139 -0.678070785
-0.654003845 -0.711556115
-0.617650936 -0.743273171
-0.579756162 -0.773143246
-0.540414020 -0.801092193
-0.499722544 -0.827050616
-0.457783187 -0.850954247
-0.414700362 -0.872743764
-0.370581371 -0.892365267
-0.325536015 -0.909770186
-0.279676375 -0.924915498
-0.233116530 -0.937763861
-0.185972229 -0.948283542
-0.138360665 -0.956448701
-0.090400139 -0.962239355
-0.042209773 -0.965641309
0.006090767 -0.966646449
0.054381589 -0.965252517
0.102542869 -0.961463291
0.150455138 -0.955288378
0.197999585 -0.946743376
0.245058351 -0.935849735
0.291514822 -0.922634731
0.337253930 -0.907131413
0.382162391 -0.889378398
0.426129039 -0.869419940
0.469045093 -0.847305753
0.510804357 -0.823090779
0.551303604 -0.796835266
0.590442709 -0.768604401
0.628124941 -0.738468247
0.664257265 -0.706501627
0.698750457 -0.672783794
0.731519390 -0.637398330
0.762483231 -0.600432915
0.791565636 -0.561979104
0.818694934 -0.522132097
0.843804302 -0.480990508
0.866831931 -0.438656116
0.887721176 -0.395233615
0.906420730 -0.350830364
0.922884611 -0.305556068
0.937072491 -0.259522591
0.948949551 -0.212843594
0.958486771 -0.165634322
0.965660930 -0.118011282
0.970454524 -0.070091948
0.972856071 -0.021994502
0.972859872 0.026162483
0.970466178 0.074260324
0.965681162 0.122180522
0.958516847 0.169805050
0.948991198 0.217016663
0.937127913 0.263699164
0.922956373 0.309737671
0.906511807 0.355018975
0.887834894 0.399431732
0.866971820 0.442866780
0.843974129 0.485217390
0.818898593 0.526379532
0.791807120 0.566252161
0.762766525 0.604737422
0.731848353 0.641740874
0.699128802 0.677171793
0.664688428 0.710943320
0.628612012 0.742972726
0.590988277 0.773181536
0.551909738 0.801495779
0.511472497 0.827846238
0.469775884 0.852168429
0.426922337 0.874402944
0.383017060 0.894495441
0.338167837 0.912396927
0.292484702 0.928063727
0.246079715 0.941457696
0.199066663 0.952546270
0.151560782 0.961302506
0.103678484 0.967705211
0.055537068 0.971739012
0.007254417 0.973394284
-0.041051274  0.972667219
-0.089261793  0.969559854
-0.137259211  0.964080126
-0.184926136  0.956241591
-0.232146036  0.946063704
-0.278803529  0.933571684
-0.324784598  0.918796203
-0.369976950  0.901773662
-0.414270277  0.882545957
-0.457556431  0.861160193
-0.499729842  0.837668921
-0.540687611  0.812129654
-0.580329893  0.784604992
-0.618560077  0.755162340
-0.655285035  0.723873759
-0.690415361  0.690815811
-0.723865507  0.656069279
-0.755554098  0.619719093
-0.785404094  0.581854072
-0.813342889  0.542566637
-0.839302623  0.501952703
-0.863220289  0.460111381
-0.885037822  0.417144710
-0.904702311  0.373157451
-0.922166100  0.328256813
-0.937386826  0.282552179
-0.950327811  0.236154919
-0.960957777  0.189177994
-0.969251126  0.141735754
-0.975187938  0.093943638
-0.978754037  0.045917900
-0.979941011 -0.002224677
-0.978746228 -0.050367065
-0.975172914 -0.098392279
-0.969229877 -0.146183643
-0.960931872 -0.193625094
-0.950299301 -0.240601457
-0.937358223 -0.286998719
-0.922140302 -0.332704310
-0.904682681 -0.377607362
-0.885027981 -0.421599003
-0.863224159 -0.464572628
-0.839324377 -0.506424149
-0.813386711 -0.547052145
-0.785474343 -0.586358301
-0.755655109 -0.624247470
-0.724001460 -0.660627975
-0.690590340 -0.695411890
-0.655502772 -0.728515039
-0.618823989 -0.759857516
-0.580642896 -0.789363533
-0.541052122 -0.816961903
-0.500147627 -0.842586019
-0.458028548 -0.866174116
-0.414796919 -0.887669377
-0.370557407 -0.907020016
-0.325417095 -0.924179474
-0.279485217 -0.939106530
-0.232872865 -0.951765309
-0.185692754 -0.962125479
-0.138058930 -0.970162228
-0.090086504 -0.975856420
-0.041891363 -0.979194474
0.006410092 -0.980168590
0.054701244 -0.978776726
0.102865553 -0.975022542
0.150786811 -0.968915281
0.198349454 -0.960470006
0.245438791 -0.949707256
0.291941343 -0.936653299
0.337745041 -0.921339778
0.382739579 -0.903803906
0.426816592 -0.884088122
0.469869948 -0.862240107
0.511796055 -0.838312758
0.552494108 -0.812363998
0.591866221 -0.784456477
0.629817780 -0.754657613
0.666257611 -0.723039331
0.701098154 -0.689677862
0.734255794 -0.654653679
0.765650955 -0.618051188
0.795208292 -0.579958548
0.822856913 -0.540467489
0.848530577 -0.499673101
0.872167794 -0.457673567
0.893712036 -0.414569951
0.913111777 -0.370465908
0.930320647 -0.325467457
0.945297561 -0.279682740
0.958006833 -0.233221752
0.968418132 -0.186196055
0.976506721 -0.138718556
0.982253430 -0.090903208
0.985644650 -0.042864740
0.986672634 0.005281611
0.985335114 0.053420402
0.981635622 0.101436249
0.975583246 0.149214099
0.967192697 0.196639499
0.956484380 0.243598889
0.943484139 0.289979847
0.928223318 0.335671363
0.910738625 0.380564090
0.891072203 0.424550671
0.869271401 0.467525963
0.845388605 0.509387264
0.819481167 0.550034568
0.791611273 0.589370818
0.761845709 0.627302064
0.730255843 0.663737795
0.696917346 0.698591071
0.661910038 0.731778746
0.625317703 0.763221662
0.587228009 0.792845016
0.547732052 0.820578248
0.506924265 0.846355337
0.464902213 0.870115012
0.421766279 0.891800750
0.377619486 0.911361011
0.332567235 0.928749316
0.286717066 0.943924390
0.240178407 0.956850288
0.193062296 0.967496496
0.145481096 0.975837910
0.097548233 0.981854921
0.049377926 0.985533395
0.001084934 0.986864840
-0.047215728  0.985846268
-0.095409057  0.982480376
-0.143380318  0.976775255
-0.191015366  0.968744888
-0.238200913  0.958408694
-0.284824737  0.945791413
-0.330776059  0.930923446
-0.375945627  0.913840198
-0.420226179  0.894582627
-0.463512532  0.873196668
-0.505701878  0.849733295
-0.546694056  0.824248452
-0.586391904  0.796803043
-0.624701280  0.767462440
-0.661531378  0.736296513
-0.696794915  0.703379419
-0.730408383  0.668789480
-0.762292096  0.632608862
-0.792370634  0.594923615
-0.820572657  0.555823168
-0.846831740  0.515400593
-0.871085750  0.473751808
-0.893277444  0.430975685
-0.913354504  0.387173733
-0.931269395  0.342449762
-0.946980039  0.296909877
-0.960449328  0.250661982
-0.971645494  0.203815661
-0.980542456  0.156481945
-0.987119476  0.108772928
-0.991361160  0.060801531
-0.993257689  0.012681278
-0.992804874 -0.035473989
-0.990003978 -0.083550384
-0.984861739 -0.131434215
-0.977390474 -0.179012260
-0.967608410 -0.226172140
-0.955538838 -0.272802459
-0.941210529 -0.318793123
-0.924657529 -0.364035565
-0.905919072 -0.408422986
-0.885039590 -0.451850641
-0.862068572 -0.494216079
-0.837060558 -0.535419464
-0.810074817 -0.575363725
-0.781175227 -0.613954777
-0.750430131 -0.651101737
-0.717912198 -0.686717146
-0.683698242 -0.720717156
-0.647868997 -0.753021675
-0.610509145 -0.783554791
-0.571706951 -0.812244834
-0.531553979 -0.839024432
-0.490144927 -0.863830712
-0.447577415 -0.886605450
-0.403951758 -0.907295208
-0.359370706 -0.925851375
-0.313939293 -0.942230488
-0.267764569 -0.956394394
-0.220955228 -0.968310037
-0.173621411 -0.977949623
-0.125874461 -0.985290744
-0.077826648 -0.990316289
-0.029590935 -0.993014508
0.018719276 -0.993379317
0.066990461 -0.991410302
0.115109251 -0.987112367
0.162962677 -0.980495871
0.210438406 -0.971576491
0.257425014 -0.960375349
0.303812248 -0.946918918
0.349491285 -0.931238972
0.394355081 -0.913372696
0.438298470 -0.893362167
0.481218562 -0.871254653
0.523014841 -0.847102175
0.563589353 -0.820961395
0.602847076 -0.792893740
0.640696173 -0.762965238
0.677048167 -0.731246265
0.711818128 -0.697811356
0.744924863 -0.662739017
0.776290859 -0.626111361
0.805842982 -0.588014377
0.833512008 -0.548537206
0.859233486 -0.507772468
0.882947658 -0.465815783
0.904599128 -0.422765312
0.924137621 -0.378721895
0.941517531 -0.333788526
0.956698447 -0.288070326
0.969644814 -0.241674154
0.980327038 -0.194708622
0.988720287 -0.147283464
0.994805367 -0.099509500
0.998568106 -0.051498281
1.000000000 -0.003361921
0.999097684 0.044787200
0.995863647 0.092836689
0.990305875 0.140674465
0.982437507 0.188188970
0.972277160 0.235269440
0.959848728 0.281806150
0.945181157 0.327690582
0.928308953 0.372815850
0.909271780 0.417076909
0.888114307 0.460370779
0.864886001 0.502596716
0.839641144 0.543656492
0.812438600 0.583454547
0.783341753 0.621898223
0.752418777 0.658898350
0.719741835 0.694369007
0.685387135 0.728227852
0.649434716 0.760396271
0.611968297 0.790799573
0.573075018 0.819367044
0.532845589 0.846032622
0.491373696 0.870734606
0.448755858 0.893415872
0.405091136 0.914023848
0.360481042 0.932510850
0.315029196 0.948833927
0.268841292 0.962955520
0.222024673 0.974843220
0.174688058 0.984469753
0.126941305 0.991812941
0.078895204 0.996855896
0.030661227 0.999586892
-0.017648706  1.000000000
-0.065922579  0.998094687
-0.114048521  0.993875665
-0.161915019  0.987352828
-0.209411181  0.978541461
-0.256426942  0.967461976
-0.302853452  0.954140424
-0.348583320  0.938608082
-0.393510778  0.920901165
-0.437531895  0.901060791
-0.480544824  0.879132966
-0.522450026  0.855168484
-0.563150735  0.829223173
-0.602553069  0.801357430
-0.640566039  0.771635841
-0.677101876  0.740127249
-0.712076136  0.706904518
-0.745408042  0.672044546
-0.777020918  0.635628245
-0.806842015  0.597739973
-0.834802600  0.558467330
-0.860838303  0.517901131
-0.884888936  0.476135009
-0.906899163  0.433265533
-0.926818681  0.389391907
-0.944601789  0.344615462
-0.960207618  0.299039534
-0.973494672  0.252744546
-0.982026714  0.205414995
-0.983586971  0.157352227
-0.978212025  0.109557621
-0.966116702  0.062993178
-0.947657540  0.018544827
-0.923318048 -0.023003174
-0.893682927 -0.060988785
-0.859407892 -0.094885185
-0.821188564 -0.124305999
-0.779730636 -0.149003169
-0.735723199 -0.168858703
-0.689816391 -0.183871720
-0.642603987 -0.194142382
-0.594611061 -0.199854242
-0.546286440 -0.201256298
-0.497999378 -0.198645905
-0.450039719 -0.192353208
-0.402620680 -0.182727640
-0.355883402 -0.170126640
-0.309902285 -0.154906465
-0.264689846 -0.137414676
-0.220198877 -0.117982973
-0.176315815 -0.096916949
-0.132821976 -0.074469065
-0.089167776 -0.050705867
-0.045529410 -0.026939710
-0.001879882 -0.017756364
0.041473228 -0.033242193
0.084144869 -0.066669241
0.125749990 -0.111309550
0.165904351 -0.160476695
0.204272437 -0.209976084
0.240594254 -0.259475474
0.274616303 -0.308974864
0.306085086 -0.358474254
0.334753602 -0.407972484
0.360450370 -0.457454922
0.383052633 -0.506898238
0.402438447 -0.556278961
0.418485865 -0.605573618
0.431094869 -0.654397566
0.440253141 -0.700921488
0.445970289 -0.742954895
0.448255920 -0.778307299
0.447120455 -0.804801684
0.442623038 -0.821069406
0.434898332 -0.826994793
0.424087499 -0.822569957
0.410331699 -0.807787010
0.393778590 -0.782743898
0.374651351 -0.748768898
0.353221883 -0.707984051
0.329762901 -0.662524627
0.304547118 -0.614525893
0.277869173 -0.565781672
0.250111409 -0.516719992
0.221678092 -0.467427432
0.192973490 -0.417990572
0.164402680 -0.368495457
0.136419466 -0.318996068
0.109553172 -0.269496678
0.084339616 -0.219997288
0.061314619 -0.170497898
0.041020498 -0.121222995
0.024075089 -0.075006728
0.011144955 -0.036366899
0.002897468 -0.009849368
0.000000000 0.000000000
